release_date,duration_mins
2020,90
2021,91
1993,125
2021,104
2021,127
2021,91
2020,67
2021,94
1996,161
2021,61
1998,166
1997,147
2010,103
2013,97
2013,106
2021,111
2021,110
2021,105
2017,96
1975,124
1978,116
1983,98
1987,91
2021,23
2012,115
2001,122
2002,99
2003,99
2004,88
2001,100
2011,102
2008,93
2009,96
2007,95
2010,85
2005,97
2006,95
2004,83
2021,103
1994,9
2021,113
2021,13
2018,182
2021,106
2021,48
2020,145
2021,145
2021,93
2021,106
2020,147
2021,87
2021,96
2019,95
2021,92
2021,91
2018,90
2018,97
2021,80
2020,117
2017,128
2018,90
2021,119
2021,110
1994,143
2009,119
2015,114
2021,94
2017,106
2020,99
2003,118
2020,115
2004,95
2017,115
2005,108
2021,63
1982,117
2015,121
1994,142
1993,113
2003,154
2001,95
2010,108
1989,120
2014,100
2015,82
2007,124
2011,114
1990,104
1991,94
1994,94
1998,93
1999,97
2005,109
2016,88
1986,101
2010,105
2018,102
2003,101
2010,103
1992,4
1996,106
2017,118
2003,86
1999,121
1984,229
2008,76
2001,95
2006,98
1997,89
2017,120
2003,110
2015,83
2003,121
1980,105
1986,94
1961,156
2014,112
1996,95
2000,107
2008,114
1993,129
2021,86
2008,97
2021,125
2017,107
2008,127
2008,128
2021,92
2006,135
2004,124
2003,136
2005,165
2016,124
2012,136
2001,150
2010,112
2008,119
2010,133
2013,142
2011,93
2014,113
2021,124
2007,116
2011,106
2011,145
2021,93
2020,95
2014,108
2020,90
2021,86
2021,92
2021,82
2021,70
2021,122
2021,122
2021,122
2021,122
2021,84
2018,96
2021,115
2021,110
2021,88
2020,102
2011,91
2021,105
1995,135
2021,86
2020,140
2015,133
2020,92
2018,82
2021,97
2021,78
2014,94
1993,121
2020,97
2021,110
2021,64
2021,59
2016,101
2020,127
2021,90
2021,114
2013,108
2021,70
2012,98
2021,86
2020,139
2021,111
2020,115
2021,102
2021,100
2013,135
2013,69
1985,95
2021,97
1993,124
2016,118
2021,115
2012,115
1995,104
2010,106
2021,102
2021,97
1992,87
1993,88
2007,114
2016,90
2002,142
2009,90
1999,105
1986,103
2019,116
2006,113
2007,99
2021,96
2010,148
1999,189
1995,97
1991,102
1994,99
2015,85
2008,112
2009,91
2019,91
2003,141
2000,130
2004,98
2016,105
2013,101
1991,105
2011,118
2010,97
2004,102
1995,114
2000,111
2010,125
2018,76
2021,118
2014,103
2020,114
2009,95
2021,138
2021,112
2013,94
2021,102
2021,92
2019,81
2012,143
2021,86
2021,132
2019,117
2012,165
2021,91
2021,97
2021,97
2021,123
2021,94
2021,111
2021,85
2015,65
2013,64
2009,68
2011,67
2010,66
2013,64
2013,64
2013,65
2013,64
2012,68
2009,68
2013,64
2015,62
2019,63
2010,69
2012,70
2014,63
2011,68
2011,74
2012,68
2021,99
2019,90
2021,87
2020,105
2021,106
2020,102
2021,91
2021,88
2020,107
2021,101
2021,114
1999,123
2017,94
2017,105
2011,117
2012,115
2010,124
2009,131
2008,122
2021,113
1983,91
2021,100
2021,93
2021,90
2007,86
2019,100
2019,96
2021,95
2021,115
2021,100
2021,102
2019,87
2021,39
2021,110
2020,93
2015,96
2019,93
2016,93
2021,111
2020,105
2021,101
2021,102
2021,46
2021,89
2016,94
2017,104
2017,97
2018,91
2015,106
2019,38
2014,90
2020,87
2021,138
2020,105
2010,104
2020,85
2021,92
2019,108
2019,95
2020,105
2012,116
1976,124
2018,101
2019,95
2018,128
1959,143
2021,107
2021,136
2020,94
2020,136
2013,126
2021,116
2018,100
2012,115
1997,125
2021,39
2002,94
1997,90
1999,95
1997,155
2000,98
1995,108
1993,96
2019,117
2021,118
2019,103
2008,94
2011,93
2010,115
2019,120
2005,145
1988,126
2021,96
1995,101
2016,118
2011,109
2001,89
2018,106
1992,101
2019,101
2008,123
2010,106
2000,89
2009,128
1999,85
2019,89
2006,108
2010,105
2019,133
1997,129
1984,127
1986,113
1989,112
2003,130
1980,100
2006,103
2008,85
2002,124
2010,103
2003,121
2012,89
2009,92
2020,112
1998,114
1998,116
2019,110
2021,98
2020,98
2019,100
2021,90
2021,92
2020,82
2012,97
2019,90
2018,76
2019,83
2010,101
2021,109
2021,97
2021,87
2021,94
2021,89
2021,88
2019,108
2016,96
2003,84
2004,70
2014,125
2016,119
2015,105
1981,133
1982,140
1988,120
2021,135
2021,111
2021,159
2020,119
1981,139
2021,137
2021,101
2019,13
2015,12
2020,101
2019,96
2012,122
2018,95
2019,89
2016,98
2021,119
2020,138
1972,104
2021,273
2013,101
2020,99
2005,84
2021,82
2020,97
2021,89
2021,36
2021,34
2021,36
2021,113
2021,110
2021,36
2021,102
2014,86
2012,91
2021,117
2014,99
2019,77
2021,97
2013,106
2021,97
2014,104
2018,110
2021,61
2020,98
2021,74
2015,60
2015,60
2021,103
2021,94
2021,112
2021,49
2021,111
2020,58
2021,72
2019,78
2020,101
2012,110
2001,94
2009,70
2000,118
2021,99
1997,103
2021,95
2011,93
2013,101
2003,101
2001,89
2015,109
2008,104
2010,90
1997,109
2019,145
2011,88
2001,132
1997,109
2004,133
2012,85
2011,104
2009,99
2006,93
2017,204
2017,212
2014,98
2004,101
1984,94
2021,25
2001,99
1993,1
1981,108
2015,106
2005,128
2015,104
1996,127
1976,136
2018,97
2019,88
2019,97
2018,97
2021,88
2021,103
2016,97
2021,88
2021,97
2021,118
2021,70
2018,91
2021,92
2021,120
2021,73
2014,110
2015,94
2020,61
2021,131
2021,131
2021,131
2021,148
2021,29
2020,107
2009,99
2011,92
2020,91
2021,47
2011,88
2006,116
2014,109
2017,92
1998,87
1997,1
2021,101
2021,140
2016,89
2021,81
2020,116
2021,99
2021,107
2021,107
2021,90
2018,104
2020,100
2021,32
2021,102
2004,105
2018,107
2020,64
2021,99
2021,102
2020,126
2020,119
2019,86
2021,122
2017,95
2021,104
1999,118
2020,85
2021,98
2021,99
2021,35
2020,107
2017,97
2020,112
2013,118
2019,109
2018,109
2020,88
2006,97
1989,97
2017,99
2010,95
2005,91
2010,115
2009,93
2018,109
2012,96
2017,78
2019,87
2013,76
2014,76
2013,71
2003,138
2008,113
2018,94
2020,89
1994,121
2009,127
2018,94
2011,89
2009,136
2002,89
2000,99
2016,93
2018,85
1992,102
2008,101
2019,113
2021,128
2021,114
2018,85
2021,121
2021,95
2014,121
2011,116
2018,91
2020,149
2019,113
2021,33
2017,127
2016,101
2014,102
2013,102
2015,107
2004,123
2015,98
2021,95
2015,101
2015,104
2016,104
2019,103
2017,111
2015,102
2020,15
2020,54
2020,120
2001,106
2021,116
2021,58
2021,116
2020,126
2015,86
2021,97
2013,76
2018,80
2017,81
2019,84
2020,87
2019,91
2014,76
2016,132
1992,126
2011,101
2010,102
2008,147
2001,224
2004,141
2010,109
2007,162
2021,142
2021,93
2021,60
2015,119
2021,37
2013,96
2020,116
2020,102
2013,123
2020,102
2017,127
2017,88
2021,106
2020,65
2016,96
2019,88
2021,143
2012,137
2014,75
2020,71
1981,103
2021,130
2020,145
2021,84
2017,84
2018,77
2018,86
2019,79
2018,80
2019,81
2017,78
2021,118
2020,102
2021,132
2016,108
2021,133
2021,107
2021,32
2020,78
2021,55
2021,92
2020,86
2021,140
2020,143
2020,88
2013,89
2006,93
2018,97
2012,94
2021,112
2019,100
2018,120
2021,91
2021,98
2021,113
2008,98
2017,91
2009,158
2009,164
2012,133
2019,75
2010,103
2015,90
2016,116
2001,96
2020,121
1996,101
1964,173
2017,89
2017,182
2017,181
2017,185
2016,99
2017,88
2010,107
2021,114
2019,96
2002,149
2009,102
1999,83
2016,98
2017,83
2008,104
2018,111
2020,98
2021,93
2021,73
2013,141
2012,116
2021,21
2021,98
2021,87
2018,87
1998,95
2020,87
2020,93
2020,97
2021,114
2021,100
2021,105
2021,90
2021,60
2013,98
2020,108
2020,90
2020,102
2020,84
2021,120
2020,106
2021,115
2021,98
2021,60
2020,113
2014,101
2020,24
2020,51
2017,80
2021,100
2014,139
2021,74
2012,131
2021,131
2016,118
2020,87
2020,101
2015,97
2020,92
2015,136
2021,97
2020,103
2010,110
2013,105
2021,90
2016,107
2021,92
2020,94
2020,99
2021,97
2021,151
2021,108
2020,113
2021,81
2020,116
2013,119
2013,116
2021,112
2014,121
2020,115
2009,182
2021,98
2021,96
2021,42
1990,181
2018,100
2019,22
1988,134
2011,177
2006,94
2021,88
2016,119
2021,107
2006,112
2021,35
2015,103
2011,90
2021,120
2008,97
2014,102
2021,106
2020,119
2019,84
2021,58
2020,90
2021,109
2021,143
2013,112
2016,134
2020,123
2021,36
2018,123
2020,58
2021,118
2020,91
2017,76
2019,97
2018,85
2018,92
2021,139
2002,162
2017,92
2018,86
2021,107
2020,85
2021,83
2019,104
2021,116
2021,87
2018,91
2020,119
2012,102
2021,86
2021,102
2008,98
2021,99
2019,108
1945,1
2016,114
2020,104
2017,88
2017,104
2020,123
2021,106
2021,138
2021,113
2020,107
2021,133
2020,97
2020,116
2020,123
1997,89
2019,93
2010,139
2008,112
2005,101
2020,113
2018,89
2021,107
2021,123
2021,113
2021,90
2021,52
2020,127
2021,95
2018,121
2019,108
2019,102
2020,95
2010,133
2021,127
2020,95
2020,101
2020,123
2020,89
2013,100
2016,108
2020,94
2018,103
2020,105
2021,116
2014,92
2019,65
2020,115
2021,96
2021,32
2021,102
2011,102
2020,101
2017,71
2019,81
2021,98
2021,90
2011,112
2005,161
2005,129
2021,85
2021,14
2003,148
2018,99
2021,97
2020,101
2016,89
2020,128
2021,76
2020,99
1999,126
2012,106
2020,101
2014,87
2009,111
1987,90
2020,91
2013,101
1997,96
2009,96
2007,148
2017,96
2011,98
1988,104
2019,53
2021,54
2011,113
2021,102
1993,118
2017,83
2020,77
2014,116
2020,116
2019,106
2020,105
2020,8
2011,110
2020,71
2020,91
2020,46
2020,109
2019,102
2020,101
2019,94
2018,110
2019,117
2012,85
2020,119
2020,115
2020,105
2020,68
2020,57
2020,28
2020,98
2018,95
2019,96
2020,66
2012,112
2020,84
2020,94
2020,32
2006,98
2004,85
2009,120
2020,83
2018,94
2019,102
2017,111
2019,90
2019,111
2012,110
2016,87
2013,132
2016,117
2020,50
2018,106
2019,125
2020,107
2020,59
2020,28
2020,9
2020,91
2020,132
2020,133
2020,109
2016,107
2013,111
2019,108
2019,105
2020,119
2020,104
2020,83
2020,90
2020,79
2020,24
2016,115
2020,97
2020,26
2020,46
2020,106
2020,113
2020,133
2020,93
2019,108
2018,96
2020,25
2020,101
2013,106
2020,54
2020,118
2020,58
2014,117
2020,48
2009,139
2014,115
2014,109
2006,91
2020,60
2018,102
1990,120
2006,149
2018,91
2020,99
2020,106
2018,108
2019,45
2020,93
2020,22
2020,81
2020,98
1999,7
2020,100
2020,112
2018,114
2020,68
2020,103
2017,121
2020,95
2020,87
2020,115
2020,171
2020,171
2020,46
2020,117
2020,84
2020,98
2020,83
2018,97
2020,99
2013,108
2019,93
2020,42
2020,13
2020,64
2004,162
2011,130
2010,108
2015,129
2010,105
2016,133
2011,142
2016,128
2020,97
2018,107
2009,135
2020,84
2020,70
2016,124
2017,102
2017,84
2013,95
2018,84
1954,120
2019,87
2020,75
2020,124
2020,92
2020,95
2008,107
2018,123
2013,85
2020,150
2019,97
2008,88
1979,74
2020,93
2020,151
2020,82
2019,148
2016,95
2020,90
2019,103
2020,87
2012,102
2020,96
2018,87
2018,86
2020,136
2020,60
2020,127
2016,96
2020,15
2018,100
2019,87
2020,28
2020,27
2018,90
1989,102
2018,94
2018,81
2016,134
2012,114
1994,107
2020,107
2018,130
2019,87
2020,93
2017,114
2020,91
2020,116
2020,93
2013,106
2020,105
2016,50
2013,93
2020,103
2020,114
2020,95
2020,50
2009,150
2018,100
2019,117
2019,87
2020,100
2018,86
2017,102
2020,87
2018,103
2019,112
2018,120
2018,111
2020,78
2020,51
2020,123
2020,46
2020,102
1975,106
2005,112
2013,101
2014,96
2017,103
1991,94
2017,69
2012,81
2003,76
1982,108
2007,94
1999,106
2018,98
1980,93
2005,99
2012,93
2020,82
2018,107
2016,104
2020,130
2014,83
2020,99
2016,77
2018,94
2017,118
2020,87
2020,42
2020,101
2020,80
2020,110
2004,117
2020,47
1990,165
1982,134
2015,140
2006,150
2002,156
2017,86
2020,126
2018,100
2020,25
2020,124
2020,100
2004,106
2020,104
2020,96
2019,90
2020,33
2017,81
2020,84
2020,44
2018,115
2016,94
2020,22
2020,107
2020,115
2020,93
2017,107
2020,86
2020,112
2020,102
2017,91
2019,83
2013,73
2016,139
2019,95
2016,101
2019,75
2005,87
2019,91
2020,120
2020,123
2018,95
2020,84
2019,29
2018,28
2020,122
2020,28
2012,98
2020,59
2020,80
2002,103
2013,104
2014,146
2008,135
2003,129
2009,115
2007,143
1999,173
2007,129
2007,149
2015,98
2016,115
2019,44
2011,127
2020,124
2020,85
2020,20
2018,102
2016,129
2017,124
2017,118
2016,111
2019,125
2016,94
2019,130
2013,117
2015,137
2013,139
2016,111
2014,103
2020,120
2020,98
2014,130
2020,96
2020,61
2014,137
2020,90
2018,69
2020,139
2020,94
2016,92
2020,80
2020,63
2002,88
2013,105
2020,93
2018,140
2020,103
2014,102
2020,93
2014,69
2018,133
2018,157
2019,116
2019,112
2018,96
2017,127
2019,130
2018,93
2016,138
2016,138
2017,92
2018,110
2020,102
2020,113
2020,96
2020,108
2020,94
2020,99
2020,86
2010,98
2010,111
2020,97
2020,135
2019,93
2019,94
2015,117
2020,63
2018,73
2020,91
2020,93
2009,101
2020,93
2018,96
2016,112
2020,72
2019,112
2016,72
2011,92
2008,109
1998,6
1998,155
2018,109
2020,115
2020,97
2011,103
2020,24
2020,110
2020,97
2020,94
2020,107
2020,97
1998,103
2020,88
2016,111
2019,94
2020,33
2020,107
2016,110
2020,98
2020,81
2020,104
2020,17
2019,121
2020,100
2020,70
2019,97
2017,75
2020,102
2018,88
2012,158
2014,102
2009,203
2020,59
2020,92
2018,104
2020,72
2020,113
2019,93
2016,119
2012,105
2020,113
2014,93
2020,44
2020,110
2018,113
2020,90
2020,82
2018,69
2020,46
2020,94
2020,72
2020,95
2019,101
2020,21
2020,71
2020,64
2020,92
2017,80
2020,104
2020,25
2017,111
2020,72
2018,99
2020,83
2020,150
2020,108
2020,44
2017,102
2020,137
2016,112
2019,102
2020,103
2020,136
2020,41
2019,88
2020,84
2020,114
2020,110
2016,103
2020,106
2020,46
2019,115
2020,140
2020,124
2020,133
2020,91
2019,30
2019,67
2019,105
2020,58
2018,87
2020,100
2019,95
2020,90
2018,102
2019,98
2020,68
2018,104
2020,89
2020,62
2020,86
2016,104
2018,101
2020,17
2020,126
2019,120
2018,89
2020,96
2018,91
2012,86
2020,67
2019,89
2020,65
2012,151
2011,116
2012,110
2013,123
2013,139
2016,95
2013,121
2015,127
2015,162
2015,128
2014,112
2013,125
2013,128
2014,120
2011,86
2014,107
2012,129
2014,135
2019,97
2019,125
2012,162
2015,136
2014,138
2011,126
2013,137
2011,114
2013,96
2020,107
2020,89
2017,94
2019,148
1993,1
2020,82
2019,95
2020,120
2015,115
2019,107
1999,105
2014,134
2007,128
2019,103
2019,96
1990,114
2020,102
2020,52
2011,86
2020,104
2019,76
2019,135
2020,99
2020,124
2019,117
2016,107
2019,111
2019,116
2019,135
2020,126
2015,164
2006,166
2020,104
2020,94
2020,92
2020,52
2020,112
2017,90
2017,101
2019,84
2020,112
1997,136
2020,108
2020,110
2020,93
2020,90
1994,130
2020,128
2020,104
1979,131
1989,109
1982,129
1958,73
1956,104
2020,48
2019,114
2020,86
1963,194
2010,76
1954,116
1970,130
2014,85
2018,108
2020,81
2012,76
2016,92
2019,85
2013,85
2019,108
2019,120
2020,117
2020,100
2020,101
2020,156
2020,55
2018,96
2014,104
2008,101
2009,113
2018,126
2017,98
2020,114
2020,132
2018,92
2020,90
2016,86
2014,103
2020,114
2019,115
2020,149
2010,96
2017,102
2017,105
2007,114
2017,94
2020,83
2008,106
2006,116
2006,109
2009,97
2012,100
2008,116
2004,111
2020,24
2006,95
2011,135
2019,95
1999,2
2020,92
2017,100
2019,80
2018,98
2017,104
2016,98
2019,104
2018,99
2020,68
1999,106
2014,71
2015,80
2020,116
2019,112
2020,73
2019,110
2019,135
2020,128
2020,93
2019,149
2018,54
2020,87
2018,102
1981,177
1996,204
1982,233
2019,98
1979,237
1984,230
1985,173
1981,195
1973,253
1976,157
2010,97
2020,85
2014,94
2010,80
2020,94
2020,92
2006,105
2009,120
2012,96
2007,107
2008,93
2009,101
2006,110
2004,112
2012,93
2005,109
2019,105
2019,97
2017,91
2019,88
2018,109
2019,118
2018,109
2020,131
2017,91
2018,152
2018,67
2018,72
2012,83
2020,90
2019,106
2020,190
2010,129
1994,160
2020,86
2020,92
2020,114
2016,90
2019,94
2018,86
2020,89
2020,107
2020,61
2019,93
2020,81
2019,120
2019,94
2020,91
2019,104
2013,76
2020,90
2020,103
2020,122
2018,97
2019,98
2020,42
2013,90
2008,91
2012,94
2020,107
2020,143
2020,105
2007,116
2020,23
2020,23
2020,23
2003,105
2020,97
2020,105
2020,83
2016,109
2019,111
2020,97
2019,132
2006,102
2016,107
2008,100
2011,115
2016,104
2017,110
2016,100
2010,111
2009,108
2005,104
2019,116
2012,106
2019,96
2020,140
2020,107
2020,138
2010,132
2005,208
2006,105
2011,101
2010,124
2009,93
2008,110
2009,115
2019,107
2020,72
2016,107
2019,95
2019,180
2020,135
2020,87
2018,94
2019,105
2019,93
2020,92
2020,144
2018,101
2020,81
2020,95
2020,119
2019,121
2019,88
2016,106
2015,119
2020,63
2015,82
2019,95
2018,93
2019,120
2020,147
2020,55
2018,107
2018,92
2019,85
2019,98
2020,92
2020,101
2019,112
2020,103
2020,91
2019,96
2010,104
2017,66
2019,83
2017,111
2019,90
2017,121
2019,121
2020,88
2020,57
2017,107
2020,5
2019,91
1990,174
2015,155
2012,87
2020,77
2008,142
1984,170
1998,165
1980,161
2013,144
1993,149
2014,135
2014,131
2005,126
2006,192
2001,209
2003,187
2016,138
1998,185
2015,143
2014,97
1987,172
1986,6
2020,103
2017,83
2010,107
2014,114
2018,93
2020,85
2020,85
2016,131
2017,101
2019,107
2018,84
2019,104
2020,160
2019,103
2020,46
2020,112
2020,83
2019,72
2020,24
2020,104
2019,72
2019,113
2020,21
2019,100
2020,108
2018,99
2020,104
2020,70
2020,93
2017,95
2020,109
2019,91
2020,75
2020,100
2017,95
2017,113
2016,91
2020,62
2014,93
2019,135
2019,23
2019,23
2019,23
2020,101
2018,98
2020,103
2019,106
2020,95
2019,132
2020,82
2020,71
2020,16
2017,104
2017,79
2020,120
2019,82
2019,115
2020,111
2020,110
2016,121
2020,162
2019,108
2010,186
2019,116
2005,154
2018,105
2019,71
2020,61
2019,133
2019,98
2011,119
2020,61
2019,130
2019,11
2016,87
2011,127
2016,87
2017,88
2007,158
2020,82
2018,93
2019,90
2020,109
2019,72
2020,162
2019,98
2016,103
2015,97
2015,94
2016,101
2015,138
2014,109
2020,50
2019,110
2019,92
2020,120
2019,101
2020,116
2020,117
2012,95
2018,93
2015,122
2019,102
2015,96
2016,93
2016,93
2017,72
2019,87
2019,95
2017,33
2020,113
2010,118
2019,171
2018,100
2019,103
2015,86
2020,102
2020,81
2017,101
2020,73
2019,96
2018,106
2019,88
2019,103
2019,139
2018,89
2020,104
2019,124
2017,112
2014,70
2020,106
2020,97
2019,106
2020,60
2019,148
2020,122
2016,86
1994,193
2017,92
2018,94
2019,82
2020,59
2019,89
1999,176
2020,116
2016,86
2017,93
2020,85
2009,62
2018,112
2020,121
2019,133
2020,76
2017,82
2019,156
2015,90
2020,97
2020,51
2004,98
2020,61
2019,116
2019,132
2020,17
2013,91
2020,121
2019,78
2011,95
2019,86
2015,132
2019,107
2015,122
2018,95
2019,108
2017,99
2019,103
2020,66
2019,132
2018,56
2019,128
2014,119
2020,97
2017,92
2020,102
2020,90
2017,129
2018,106
2014,105
2007,78
2008,79
2009,78
2020,145
2015,71
2001,83
2019,81
2006,119
2018,98
2017,102
2015,88
2009,97
2019,110
2019,85
2019,90
2019,89
2019,120
2013,102
2018,73
2018,103
2019,79
2019,97
2017,91
2019,96
2019,103
2017,95
2019,83
2019,117
2019,70
2019,90
2019,86
2017,86
2014,113
2018,82
2015,141
2015,107
2019,126
2019,25
2019,63
2018,136
2015,120
2015,134
2001,185
2015,174
2006,169
2011,148
2013,135
2011,135
2019,89
2007,119
2017,98
2010,135
2004,185
2009,156
2017,104
2008,139
2012,140
2011,154
2019,129
2016,99
2017,100
2016,110
2018,107
2019,95
2018,89
2019,65
2019,143
2017,101
2019,60
2019,29
2017,92
2019,172
2019,97
2017,108
2017,107
2019,137
2017,106
2017,115
2019,46
2016,92
2017,93
2019,85
2019,24
2019,56
2019,86
2019,127
2014,93
2019,94
2019,120
2019,108
2017,135
2016,111
2017,134
2018,137
2019,103
2017,133
2019,95
2015,126
2019,67
2019,135
2019,106
2018,107
2019,81
2016,107
2018,118
2018,110
2017,104
2018,93
2019,94
2008,137
2019,134
2019,69
2019,106
2019,209
2019,86
2019,24
2019,46
2019,117
2019,87
2017,121
2019,97
2015,121
2008,56
2019,119
2019,93
2019,86
2019,134
2019,28
2019,131
2019,78
2019,93
2014,84
2015,107
2013,101
2019,107
2019,74
2019,60
2019,143
2019,105
2011,110
2019,98
2018,74
2013,46
2019,54
2019,59
2009,100
2019,88
2019,93
2019,94
2016,121
2019,78
2018,116
2019,87
2019,61
2017,98
2019,123
2019,85
2016,78
2019,103
2014,44
2014,68
2012,68
2017,69
2017,81
2013,69
2016,68
2015,68
2010,86
2015,40
2019,94
2019,90
2017,112
2018,101
2019,119
2019,40
2019,86
2018,92
2019,91
2019,36
2019,141
2019,107
2007,97
2019,24
2016,89
2019,65
2019,126
2019,63
2019,14
2019,28
2018,20
2014,106
2019,118
2019,127
2019,61
2019,86
2018,94
2019,82
2019,92
2019,52
2018,108
2019,67
2016,91
2019,66
2018,118
2017,87
2019,47
2019,56
2019,61
2019,34
2019,98
2018,99
2017,95
2019,100
2017,101
2019,86
2019,96
2018,99
2019,112
2017,127
2019,22
2019,78
2019,63
2015,97
2018,86
2019,62
2019,96
2017,104
2019,123
2019,100
2019,99
2019,151
2019,102
2019,154
2019,106
2019,87
2019,70
2019,46
2018,101
2019,109
2016,100
2019,110
2019,102
2019,102
2019,24
2019,98
2018,76
2018,90
2017,59
2019,58
2019,64
2000,79
1998,81
2005,81
2019,64
2019,45
2019,90
2018,102
2019,116
2019,42
2019,133
2013,108
2019,38
2019,146
2019,146
2019,106
2019,58
2019,152
2018,87
2009,121
2019,83
2018,111
2019,24
2019,171
2019,88
2012,76
2019,64
2006,94
2019,157
2019,83
2019,65
2018,105
2019,107
2019,103
2019,67
2019,96
2019,125
2018,142
2018,133
2019,100
2019,10
2016,128
2019,93
2012,81
2014,82
2004,47
2019,95
2019,84
2018,91
2019,102
2018,100
2019,98
2019,110
2019,85
2019,66
2016,92
2019,133
2018,135
2019,120
2019,118
2019,110
2019,98
2019,98
2019,98
2018,104
2019,63
2019,52
2019,72
2015,117
2019,100
2019,24
2019,86
2019,69
2019,119
2019,123
2019,93
2018,109
2019,66
2018,107
2019,46
2019,117
2016,67
2015,114
2015,67
2014,77
2018,105
2016,63
2019,59
2017,102
2017,81
2019,84
2019,101
2019,116
2018,177
2019,130
2019,59
2018,111
2019,100
2019,77
2019,93
2019,114
2018,58
2018,56
2008,110
2013,98
2004,106
2007,102
2019,81
2019,98
2018,136
2018,161
2019,32
2019,105
2018,106
2019,90
2019,87
2017,91
2019,106
2019,65
2019,105
2016,40
2019,66
2013,61
2019,122
2019,141
2019,176
2018,73
2017,87
2019,15
2019,55
2018,141
2012,122
2019,109
2019,63
2019,96
2019,113
1998,69
1995,1
1997,87
2019,116
2019,116
2019,110
2019,122
2019,59
2015,88
2018,91
2019,40
2019,113
2018,90
2019,95
2019,98
2019,61
2019,117
2019,60
2019,142
2018,74
2019,119
2019,114
2019,125
2019,71
2019,110
2018,127
2019,118
2019,90
2016,130
2015,12
2019,62
2014,3
2019,114
2017,128
2019,109
2019,109
2019,101
2019,103
2019,98
2019,123
2019,38
2019,101
2019,99
2019,91
2019,30
2019,30
2018,137
2019,66
2014,70
2016,87
2018,88
2019,90
2019,84
2019,53
2019,87
2019,90
2018,96
2019,94
2018,108
2019,102
2019,61
2018,94
2019,70
2018,88
2018,100
2019,111
2011,128
2018,98
2019,104
2018,126
2019,86
2019,125
2019,40
2019,79
2019,110
2018,128
2019,110
2018,116
2013,119
2018,90
2019,88
2018,104
2019,140
2019,92
2019,64
2018,119
2019,91
2019,122
2018,125
2019,49
2018,168
2019,98
2019,77
2019,102
2019,92
2019,111
2014,113
2019,54
2019,138
2013,123
2019,59
2001,102
2005,141
2018,95
2003,111
2003,131
2003,116
2018,119
2005,146
2016,101
2018,87
2019,94
2014,133
2013,135
2019,61
2019,91
2019,59
2019,91
2018,131
2019,170
2019,88
2019,170
2019,92
2019,59
2018,126
2019,120
2015,76
2019,60
2016,103
2018,124
2017,91
2019,88
2018,81
2019,124
2019,102
2019,132
2019,87
2017,75
2008,126
2019,61
2018,126
2018,108
2017,100
2018,129
2019,71
2019,108
2019,60
2014,105
2016,115
2016,118
2016,130
2016,115
2019,69
2018,97
2019,61
2014,92
2018,108
2017,104
2019,65
2018,106
2006,69
2011,97
2012,80
2008,85
2018,98
2018,115
2007,117
2016,132
2016,127
2017,125
2017,128
2019,126
2019,58
2018,116
2019,90
2019,111
2019,100
2018,99
2012,105
2014,128
2015,91
2015,127
2019,94
2015,124
2011,103
2018,118
2018,162
2018,89
2018,89
2018,108
2018,103
2014,87
2018,93
2012,90
2018,131
2019,114
2018,107
2008,97
2018,103
2018,125
2015,130
2015,119
2014,110
2017,120
2018,102
2013,125
2013,127
2017,121
2014,113
2015,118
2012,132
2006,61
2018,80
2018,110
2016,70
2019,117
2019,89
2019,84
2018,131
2018,139
2001,42
2017,79
2018,96
2015,114
2018,99
2018,111
2017,112
2018,96
2012,103
2017,104
2004,102
2012,97
2018,132
2006,120
2002,137
2018,82
2008,115
2018,130
2019,62
2018,26
2019,91
2019,63
2019,74
2018,136
2019,59
2018,91
2017,93
2016,84
2018,100
2019,51
2014,22
2018,22
2017,22
2019,24
2019,113
2018,110
2017,120
2010,56
2010,127
2017,74
2019,91
2018,137
2018,86
2018,106
2012,125
2018,114
2016,143
2015,121
2017,119
2018,150
2018,88
2018,105
2019,119
2018,96
2019,95
2019,98
2019,96
2018,96
2019,90
2018,97
2017,90
2016,88
2018,105
2018,127
2017,125
2018,116
2018,102
2019,65
2016,106
2017,117
2018,136
2017,104
2019,65
2018,91
2019,99
2018,91
2018,117
2018,95
1999,101
2018,102
2018,122
2018,95
1975,92
2015,111
2018,115
2012,61
2017,97
2017,120
2017,148
2010,48
1991,28
2015,34
1992,61
1993,56
1989,81
2013,68
2008,58
2016,100
1987,50
1991,49
1991,71
2016,29
2018,108
2018,125
2018,100
1990,30
1991,30
2011,146
2008,127
2012,46
2011,57
1925,1
2018,122
2018,312
2012,109
2018,73
2018,96
2018,105
2018,124
2018,105
2011,78
2018,22
2012,95
2015,82
2014,89
2018,90
2018,85
2018,29
2018,137
2014,27
2014,112
2014,112
2018,153
2014,123
2018,90
2017,84
2018,78
2018,79
2018,73
2018,83
2017,83
2018,145
2018,135
2018,35
2018,68
2018,96
2018,110
2018,58
2018,105
2018,59
2018,28
2018,98
2018,63
2018,155
2011,122
2009,87
2018,73
2018,98
2013,130
2014,105
2014,110
2018,81
2011,115
2014,113
2015,146
2015,118
2016,109
2009,117
2018,23
2010,95
2017,124
2017,90
2013,96
2008,96
2018,93
2018,30
2018,82
2018,127
2018,114
2018,119
2018,101
2018,96
2018,44
2018,104
2018,91
2018,91
2018,114
2018,91
2018,64
2007,89
2018,95
2018,94
2018,133
2018,102
2018,122
2017,86
2018,111
2018,111
2015,136
2018,121
2018,119
2017,115
2018,128
2018,92
2009,99
2017,106
2018,122
2018,129
2018,90
2018,116
2018,59
2018,95
2018,122
2018,98
2009,117
2008,95
2015,146
2013,136
2011,91
2018,123
2012,144
2010,121
2018,91
2006,158
2007,157
2009,124
2010,106
2018,92
2017,80
2015,126
2013,129
2012,133
2007,109
2012,143
2013,140
2012,150
2013,128
2013,120
2012,154
2006,45
2015,132
2007,126
2013,95
2008,135
2014,139
2011,131
2008,118
2010,129
2014,131
2013,146
2013,123
2014,141
2015,93
2017,91
2016,106
2008,131
2014,95
2011,104
2018,126
2015,118
2006,94
2018,100
2018,126
2018,90
2018,87
2018,97
2018,115
2018,93
2015,138
2018,74
2018,102
2018,104
2018,51
2018,50
2018,86
2018,140
2013,122
2018,23
2016,95
2018,121
2018,131
2018,63
2017,150
2018,159
2018,131
2018,130
2018,99
2018,86
2018,106
2018,57
2018,97
2018,144
2018,110
2018,57
2018,119
2018,94
2018,89
2018,124
2018,25
2017,121
2017,88
2017,111
2012,81
2018,64
2008,55
2014,137
2000,56
1998,58
1982,80
2014,94
1972,1
1974,4
1979,94
1989,72
2013,60
2016,140
2017,91
2009,97
2014,146
2016,118
2009,128
2009,137
2014,145
2017,141
2012,106
2018,135
2013,137
2014,129
2009,99
2017,155
2014,142
2008,214
2015,137
2009,128
2018,151
2014,121
2009,101
2008,145
2009,147
2016,90
2012,129
2005,129
2017,136
2016,117
2012,150
2011,134
2011,100
2018,44
2018,44
2009,111
2014,147
2013,115
2013,121
2016,103
2016,73
2015,129
2014,102
2013,122
2008,155
2013,139
2015,131
2017,127
2012,156
2018,91
2013,132
2016,130
2010,137
2012,156
2009,132
2010,119
2015,140
2016,126
2012,107
2018,111
2018,130
2018,126
2018,24
2018,108
2018,117
2018,101
2018,124
2018,63
2018,114
2018,98
2018,100
2018,100
2018,123
2018,77
2018,106
2018,106
2018,102
2014,146
2018,96
2017,104
2018,109
2018,110
2017,110
2018,101
2017,94
2018,101
2017,141
2017,120
2017,140
2012,50
2018,57
1998,31
2018,90
2017,110
2017,162
2017,139
2018,130
2017,145
2018,33
2017,114
2018,100
2018,54
2018,150
2015,105
2018,124
2018,95
2018,12
2018,104
2014,143
2016,127
2018,100
2018,74
2018,104
2011,148
2011,127
2008,158
2016,124
2000,163
2010,121
2014,154
2014,127
2010,128
2012,98
2009,109
2016,168
2010,162
2006,159
2012,137
2015,133
2012,127
2011,131
2005,90
2018,88
2017,87
2005,82
2012,86
2017,100
2018,57
2018,95
2018,101
2018,124
2018,72
2018,93
2018,92
2018,95
2018,133
2018,85
2018,105
2018,101
2018,88
2018,113
2018,71
2018,75
2018,66
2018,83
2018,110
2018,88
2013,77
2012,58
2012,69
2012,61
2018,88
2006,122
2013,60
2003,166
2013,107
2018,94
2010,87
2018,92
2007,130
2015,88
2010,128
2017,96
2018,94
2012,69
2017,90
2018,101
2018,77
2018,89
2018,90
2018,98
2018,66
2014,103
2018,95
2016,89
2018,74
2018,119
2018,70
2018,121
2018,106
2017,74
2018,106
2017,113
2017,119
2018,100
2018,110
2018,66
2017,126
2017,130
2018,110
2015,85
2018,117
2018,63
2018,94
2018,74
2018,58
2018,117
2007,89
2017,66
2018,158
1979,100
2018,64
2017,92
2018,63
2018,105
2018,67
2007,91
2018,92
2018,87
2018,100
2018,113
2018,40
2018,105
2018,94
2017,109
2017,99
2018,89
2017,92
2017,105
2017,130
2017,69
2018,98
2017,90
2018,65
2018,92
2015,19
2008,25
2015,22
2015,40
2014,22
2016,24
2016,101
2017,90
2017,96
2017,115
2017,92
2018,93
2017,95
2018,105
2018,117
2018,66
2017,97
2018,78
2018,102
2018,62
2018,97
2018,105
2018,79
2017,90
2017,107
2018,105
2018,99
2017,108
2018,66
2018,75
2018,96
2017,95
2018,32
2018,70
2017,94
2018,78
2018,91
2018,75
2017,105
1993,7
2017,96
2009,132
2012,60
2004,171
2016,116
2007,169
2005,134
2000,159
2017,87
2018,103
2018,78
2018,62
2018,97
2009,102
2006,95
2016,115
2018,102
2016,99
2018,74
2018,100
2017,150
2018,87
2018,88
2018,63
2016,129
2016,91
2017,115
2018,140
2018,79
2018,104
2018,121
2018,40
2017,94
2018,58
2017,78
2018,51
2018,69
2017,104
2018,59
2018,94
1998,166
2007,155
2017,145
2016,106
2016,94
2017,127
2017,87
2004,185
2014,75
2014,89
2014,81
2008,47
2004,46
2016,125
2004,160
2017,110
2018,69
2018,67
2017,105
2018,127
2017,109
2017,134
2018,60
2018,96
2018,65
2018,133
2018,96
2018,95
2018,24
2018,97
2018,65
2018,102
2018,53
2017,116
2017,102
2017,86
2017,117
2017,96
1998,69
2017,108
2018,102
2018,61
2018,57
2018,49
2017,87
2018,59
2018,63
2017,69
2018,62
2018,108
2018,95
2017,99
2018,62
2018,60
1980,147
1986,153
2017,87
2017,124
2018,94
2017,100
2018,71
2018,60
2017,135
2016,97
2017,86
2017,91
2017,82
2016,102
2017,105
2017,106
2017,91
2017,61
2017,80
2017,118
2017,94
2017,84
2016,103
2017,69
2017,105
2017,128
2017,86
2015,109
2017,70
2017,89
1986,162
1991,163
2006,91
2017,27
2017,67
2017,142
2017,78
2017,26
2017,46
2017,81
2017,119
2016,99
2017,96
2017,128
2017,114
2016,101
2017,109
2017,51
2017,61
2017,73
2017,92
2017,94
2017,135
2017,66
2017,126
2017,54
2017,100
2002,81
2016,123
2017,144
2017,153
1978,141
2016,104
2016,97
2016,82
2017,98
2017,84
2016,76
2017,75
2017,93
2017,98
2016,91
2015,168
2017,68
2017,103
2017,95
2017,82
2017,94
2017,66
2017,135
2017,144
2015,90
1960,158
2016,83
2016,102
2017,52
2017,110
2017,85
2017,113
2016,88
2017,89
2017,59
2017,106
2017,66
2012,135
2017,93
2016,79
2017,107
2016,47
2016,118
2017,81
2017,103
2017,40
2017,103
2017,85
2015,104
2017,82
2014,112
2017,102
2017,101
2016,119
2017,62
2017,64
2017,137
2017,108
2017,78
2017,40
2017,71
2017,99
2017,60
2017,78
2016,98
2017,70
1988,148
2017,54
2012,92
2013,107
2006,90
1976,135
1983,151
1988,1
1973,132
2017,95
1974,162
1989,163
2016,89
2017,28
2016,103
1984,160
2016,113
2016,86
2016,83
2017,113
2016,86
2017,57
2016,98
2017,116
2017,100
2017,51
2011,113
2017,124
2017,63
2015,56
2017,94
2017,90
2015,71
2017,97
2015,83
2017,92
2017,165
2017,166
2017,166
2015,159
2015,160
2015,159
2015,22
2016,105
2017,54
2017,121
2017,103
2017,129
2016,95
2016,80
2017,67
2016,84
2016,97
2016,86
2015,114
2017,84
2017,67
2016,91
2017,63
2017,116
2017,104
2017,14
2017,89
2017,108
2014,59
2014,74
2017,84
2012,97
2011,95
1966,116
2018,86
1971,153
2013,104
1962,163
2016,106
1994,148
2016,105
2017,121
2017,66
2015,102
2017,96
2017,89
2016,161
2017,24
2017,66
2017,91
2017,92
2017,104
2017,73
2017,47
2017,102
2017,87
2017,117
2016,119
2016,130
2017,102
1993,154
2017,44
2016,96
2017,47
2017,44
2015,109
2016,89
2017,92
1993,122
2017,19
1995,154
1969,152
1998,161
2016,123
2017,44
2011,80
2017,71
2017,153
2017,79
2017,143
2017,123
2016,80
2017,73
2017,106
2017,101
2017,59
1992,164
1994,151
2016,84
2010,51
1995,142
2016,110
2016,86
2017,101
2017,88
2017,86
2017,61
2017,81
2017,72
2017,98
2017,64
2016,111
1996,148
1996,163
2016,95
2016,99
2017,44
2017,93
2015,89
2016,83
2016,104
2017,81
2017,53
2017,95
2016,149
2016,106
2016,108
2017,66
2017,113
2017,83
2017,50
2014,97
2014,105
2016,107
2017,99
2016,101
2016,81
2016,92
2017,131
2016,101
2016,96
2017,85
2016,110
2017,89
2017,
2016,88
2016,88
1971,143
2015,83
2014,107
2010,99
1975,134
2017,78
2016,81
2016,106
2016,51
2017,102
2017,63
2017,91
2016,93
2017,93
2016,97
2017,92
2016,137
1992,143
2001,168
2006,117
2016,87
2001,160
2017,62
2016,109
2017,102
2013,118
2017,57
2016,94
2017,71
2016,123
2015,97
2015,99
2017,97
2017,67
2016,105
2016,78
2016,99
2016,119
2015,109
2010,107
2016,92
2015,88
2017,71
2017,64
2016,97
2017,96
1977,150
2017,54
2017,78
2014,86
2015,154
2014,179
2015,93
2016,97
2016,108
2014,92
2017,78
2015,87
2016,99
2017,91
2016,102
2017,67
2017,57
2016,130
2017,80
2017,66
2008,105
2014,98
2014,91
2014,123
2016,82
2017,104
2015,109
2017,74
2016,84
2017,98
2013,22
2016,100
2016,75
2017,69
2016,97
2007,92
2011,92
1999,7
2016,146
2016,97
2016,93
2016,62
2016,22
2016,88
2016,105
2016,88
2015,93
2015,98
2016,88
2016,31
2016,83
2015,38
2016,108
2016,97
2016,81
2016,70
2016,62
2016,99
2016,112
2016,90
2016,56
2014,89
2013,24
2015,100
2015,116
2016,92
1979,79
2016,72
2016,92
2016,61
2016,88
2012,113
2016,67
2012,65
2016,62
2016,107
2016,69
2012,77
2016,98
2016,71
2016,64
2016,112
2015,59
2016,91
2016,44
2015,107
2016,92
2016,89
2016,107
2016,94
2016,110
2016,81
2016,77
2016,64
2016,97
2012,77
2008,94
2010,94
2015,91
2016,80
2016,95
2016,90
2016,101
2016,73
2016,108
2016,25
2016,86
2015,105
2010,100
2016,96
2015,97
2016,73
2016,44
2016,132
2015,96
2016,92
2013,99
2016,92
2016,99
2016,78
2016,65
2016,65
2016,69
2016,64
2016,63
2016,63
2016,89
2016,60
2010,
2016,41
2012,83
2016,25
2016,94
2016,52
2016,75
2016,92
2016,80
2015,
2010,46
2005,72
2009,71
2012,77
2014,70
2016,73
2011,81
1994,63
2008,45
2008,46
2016,112
2016,101
2016,117
2015,114
2016,96
2016,87
2015,105
2016,80
2016,97
2015,105
2016,60
2016,109
2016,60
2016,101
2016,91
2016,66
2016,127
2016,82
2007,70
2016,23
2015,97
2016,62
2016,84
2016,90
2016,101
2015,74
2016,68
2016,92
2008,107
2010,108
2016,74
2015,29
2015,60
2015,120
2015,74
2015,57
2015,91
2015,62
2015,85
2015,90
2015,105
2015,59
2015,137
2015,86
2015,99
2015,64
2015,82
2014,90
2015,80
2015,62
2015,92
2014,78
2015,92
2015,69
2015,103
2015,92
1992,10
2014,143
2015,83
2015,78
2015,84
2015,84
2015,58
2015,82
2015,83
2015,29
2015,72
2014,26
2014,81
1998,5
2014,75
2014,100
2014,90
2014,68
2014,71
2014,100
2014,94
2014,80
2013,35
2014,93
2013,105
2013,130
2013,100
2013,80
2011,76
1988,95
1986,96
1986,94
1990,94
1988,93
1987,96
1989,94
1988,94
1991,93
1990,95
1991,93
2000,75
2010,103
2009,29
2007,104
2006,81
2009,80
2008,123
1997,119
2019,118
2008,143
2014,149
2018,144
2019,124
2017,87
2018,128
2017,117
2017,100
2015,84
2020,90
2018,105
2017,106
2010,99
2005,93
2014,89
2017,105
2008,109
2018,93
2016,75
2017,90
2015,90
2014,93
2017,37
2010,113
2018,89
2006,102
2009,102
2019,90
2018,94
2013,91
2015,107
2018,95
2016,119
2013,93
2016,101
2017,93
2018,82
2017,70
2000,104
2003,121
2015,92
2016,124
2018,53
2016,91
2011,83
1989,93
2017,81
2015,86
2017,106
2014,97
2004,99
2011,100
2012,126
2017,94
2014,103
2017,96
2018,137
2017,104
2016,104
2016,94
1977,176
1971,137
1993,101
2015,111
2016,110
2016,142
2012,86
2017,93
2013,86
2019,80
2011,92
2016,96
2018,87
2012,98
2014,125
2014,91
2017,76
1998,82
2015,111
2015,92
2013,94
2011,91
2011,44
2016,108
2011,123
2009,106
2015,89
2015,98
1996,108
2012,92
2002,102
2008,103
2017,91
2018,110
2019,77
2018,99
2011,122
2017,150
2013,126
2011,164
2010,115
2010,133
2015,127
2012,100
2016,131
2012,44
2002,101
2015,90
2016,89
2015,88
2007,133
2012,110
2010,112
2018,87
2014,91
2013,111
2017,99
2018,86
2012,93
2018,87
2008,107
2012,89
2018,92
2006,122
2012,91
2015,127
2004,153
2017,94
2016,106
2018,102
1974,112
2017,63
2018,90
2016,89
2018,101
1989,85
2019,83
2016,92
2018,84
2006,91
2018,100
2016,103
2001,103
2013,45
2014,45
2017,90
2019,98
2015,92
1977,172
2011,125
2016,81
2017,112
1999,122
2017,101
2017,53
2018,53
2019,99
2014,95
1998,119
2016,163
2018,55
2000,102
2019,106
2015,128
2013,80
1986,80
1991,75
1999,75
2000,79
2012,87
2018,97
2014,85
2017,111
2017,113
2015,90
2001,103
2003,105
2015,104
2013,127
2016,92
2016,72
2018,118
2017,110
2018,65
2018,90
2007,134
2017,89
2016,86
2011,87
2015,107
2015,79
2018,87
2011,113
2011,110
2011,98
2014,93
1997,139
2019,94
2016,133
2016,81
2018,91
2012,122
2014,102
2016,88
1994,49
2014,110
2018,150
2017,97
2016,129
2013,99
2005,112
2006,143
2016,61
2016,95
2014,92
2019,97
2015,90
1995,119
2003,147
2017,83
2016,83
2006,91
2019,117
1995,78
2001,75
2004,78
2017,149
2015,103
2017,94
2015,95
2010,122
2002,107
2009,126
2015,122
2009,95
2017,101
2013,74
2010,74
2015,74
2015,83
2016,79
2010,72
2011,80
2016,75
2012,75
2017,72
2015,99
2013,91
1995,166
1998,103
1992,128
2018,87
1972,125
1982,121
2015,110
2016,88
2013,52
1997,89
2013,52
1996,81
1992,73
2008,75
2016,99
2007,121
2008,100
2016,97
2015,105
2017,100
2016,115
2015,99
2016,91
2019,90
2004,100
1978,25
2012,99
2019,120
2014,98
2017,104
2005,149
2010,112
2013,98
2018,120
2006,151
2018,63
2007,148
2003,114
2017,123
1997,2
2017,87
1999,93
2002,88
2018,126
2017,90
2017,95
2002,108
2010,65
2000,110
2018,66
2017,127
2015,131
2018,88
2017,97
2016,116
2012,117
2019,79
2001,144
2015,79
2018,135
2017,88
2007,116
2017,91
2013,83
2015,90
2018,129
2016,120
2015,91
2017,85
2016,88
2001,123
2013,180
2013,98
2016,90
2013,90
1999,94
2010,112
2017,85
2018,97
1991,1
2015,47
2017,99
1973,168
2018,99
2016,106
2017,92
2008,99
2017,89
2015,88
1967,111
2003,79
2017,86
2016,74
2017,84
2013,80
2016,86
2018,90
2007,102
2016,92
2015,81
2018,116
2005,110
2017,95
2009,133
2017,120
2016,91
2017,90
2017,90
2018,103
2016,73
2018,98
2010,119
2017,76
2018,148
2017,94
1960,108
2016,114
2016,98
2014,151
2016,78
2018,125
2015,126
2017,11
2017,22
2016,104
2017,104
2014,117
1998,101
1992,99
2019,103
2017,126
2016,92
2008,131
2015,119
1976,98
2009,85
2012,84
2006,145
1992,125
1992,108
1958,108
2015,74
2010,82
2018,75
2016,77
2012,156
2000,116
2014,126
2010,129
2000,132
2017,118
2010,87
2018,95
2016,86
2017,106
2005,115
2003,106
1973,94
2013,121
1997,113
2017,129
2016,99
2015,116
1992,11
2012,88
1999,1
2018,63
2018,62
2018,62
2019,112
2017,113
2005,82
2018,98
1988,87
1994,1
2017,111
2017,63
2012,105
1968,146
2009,96
2017,80
2014,99
2012,87
2015,88
2004,99
2018,104
2006,104
2017,118
1975,127
2009,109
2002,130
2016,110
2019,88
2010,106
1993,91
2018,103
1973,89
2006,108
2017,124
2013,96
2012,172
2014,124
2008,85
2005,137
2007,91
2017,120
1999,1
2016,118
2015,110
2008,114
2016,112
2017,92
2002,137
2016,84
2016,52
2013,96
2014,112
2017,90
2014,106
2008,116
2014,97
1967,127
2017,96
2016,45
2009,101
2018,88
2016,75
2004,112
2016,110
2000,120
2017,90
2013,82
2015,118
2015,153
1989,117
1977,10
2003,93
2019,82
2015,115
2017,151
2015,103
2013,117
2017,100
2016,70
2015,103
1997,108
2015,100
2016,91
2016,93
2015,113
2003,116
2016,121
1991,112
2017,76
2018,81
2015,110
2018,90
2006,97
2018,86
2016,94
2016,83
2011,92
2010,93
2017,88
2017,53
2002,156
2016,79
2018,96
2014,99
2018,140
1992,62
2018,88
2017,76
2017,99
2016,97
2019,87
2016,108
2017,94
2004,123
2007,128
2018,132
2017,93
2017,113
2015,96
2002,133
2002,176
2010,115
1985,90
2017,111
2017,87
2009,112
1965,200
2016,93
2019,90
2014,107
2019,89
2015,83
2015,96
2010,99
2015,95
2016,88
2017,94
2016,93
2016,93
2016,92
1997,127
2005,105
1989,94
2008,104
2017,94
2003,82
2018,86
1996,103
2015,97
2000,84
2017,98
2018,68
2017,42
2017,92
2017,89
2018,99
2014,93
2003,162
2003,85
2016,52
2014,91
2015,106
2010,92
2010,140
1983,69
2018,153
2015,124
2009,120
2004,134
2012,105
1979,1
2017,119
2017,106
2016,79
2006,196
2016,90
2019,109
2014,93
2015,92
2016,49
2015,102
2016,82
2016,74
2016,94
2014,87
2006,108
2002,151
2012,109
2013,91
2016,93
2018,85
1973,103
2015,102
2002,107
1990,88
1985,95
2016,100
2018,91
2018,110
2007,96
1997,96
2019,98
2019,133
2001,102
2015,108
1996,133
2013,58
2012,79
2001,101
2019,81
2010,99
2011,106
2014,103
2017,92
2017,89
2011,150
2019,80
1998,124
2017,99
2015,29
2019,91
2014,102
2017,94
1998,118
2017,70
1971,181
2015,101
2008,29
2016,92
2017,94
2015,118
2000,98
2003,90
2006,93
2016,114
2013,99
2018,96
2017,102
2016,90
2017,49
2015,61
2019,60
1982,104
2008,119
2016,102
2018,83
1978,88
2017,86
2015,90
2010,134
2015,92
2012,145
2019,95
2018,93
1977,84
2017,81
1956,98
2018,74
2016,87
2011,96
2008,88
1994,118
2007,113
2012,86
2018,91
2007,115
1993,112
2015,103
2016,116
2015,72
2019,104
2009,97
2016,92
2017,93
2010,93
2016,99
2011,47
2011,52
2008,97
2015,88
2016,106
2019,97
2017,88
2009,88
2017,132
2013,108
2017,111
2002,167
2009,96
2011,95
2016,107
2016,118
2018,130
2017,90
2003,87
2010,109
2014,103
2008,110
2005,85
1990,163
2017,100
2013,58
2007,110
2014,58
2013,56
1997,161
2005,141
1958,115
2012,90
2013,103
2012,77
2018,111
2016,103
2017,129
2014,113
2018,106
2017,105
1979,137
2013,22
1995,130
2019,89
2016,110
2006,148
2018,100
2016,90
2014,103
2019,75
2012,99
2005,93
2014,90
1990,145
2017,95
2011,92
2018,90
2001,137
2003,98
2015,109
2008,117
2013,93
2017,57
1978,110
2015,95
2016,102
2016,97
2016,82
2015,90
2015,57
2015,91
2013,100
2013,101
2010,138
2014,95
2007,116
2009,117
2015,65
2000,158
1987,110
2017,79
2017,99
2013,86
2017,138
2017,91
2014,79
2015,79
2015,96
2005,55
2008,101
2004,88
2015,95
2010,87
2015,83
2016,90
1999,151
2017,89
2018,99
2017,86
2016,85
2011,93
2015,89
2018,89
2018,90
1998,104
2017,107
2001,124
2017,87
2016,94
2015,86
2016,102
2004,122
2013,126
2018,87
1976,156
2016,97
1997,89
2017,88
2010,96
2016,104
2015,80
1988,5
2015,95
2010,97
2017,118
2005,118
2016,44
2017,54
2015,170
2006,118
2015,128
2016,106
2016,103
2008,92
2010,102
2017,126
2019,73
2011,111
2018,100
2011,86
2018,95
2018,79
2017,81
2013,120
2013,85
2016,96
2017,91
2017,134
2016,93
2016,82
2007,88
1975,96
2018,97
2012,101
2016,88
2016,84
2017,110
2000,105
2017,116
1997,94
2015,110
1995,116
2016,51
2012,103
2009,83
1999,176
2006,149
2014,79
2010,97
2015,91
2016,85
2018,85
2005,117
2016,84
2010,106
2016,107
2017,98
2018,54
2016,139
2015,88
2018,93
2016,91
2011,89
2017,106
2014,116
2016,100
2015,96
2013,119
2016,108
2014,104
2010,124
2008,87
2013,75
2009,108
1974,103
2017,103
2017,89
2014,103
2019,89
2017,119
2017,106
2015,90
2018,118
2014,95
2008,123
1989,127
1981,116
1984,119
2016,99
2013,90
2016,90
2009,153
2008,106
2005,141
2013,122
2016,87
2015,102
2004,88
2003,99
2002,99
2009,134
2018,91
2017,88
2006,127
2010,137
2018,77
2014,71
2015,130
2013,140
1995,101
2012,101
2015,91
2017,84
2014,88
2018,68
2006,163
2013,93
2018,86
1997,154
2015,92
2009,132
2014,22
2013,132
2012,94
2016,132
2001,105
1973,97
2015,109
2014,134
2018,53
2016,84
1973,102
2011,79
1960,181
2017,90
2005,79
2012,133
2013,125
2017,80
2018,101
2017,135
1997,133
2011,91
2017,52
2009,123
2011,113
2005,107
2015,128
2005,94
1992,95
2011,106
2002,138
2017,139
2015,132
1981,173
2017,105
2016,148
2016,120
2014,85
2010,113
2016,99
2017,41
2017,110
2008,137
2001,118
1982,140
2006,85
2017,116
2005,133
1990,1
1996,1
2011,89
2013,75
2010,67
2017,90
1993,170
2006,124
1980,120
2003,157
2018,124
2017,110
2016,90
1995,97
2015,108
2015,95
2003,111
2004,137
2016,100
2015,53
2016,87
2011,106
1988,86
2010,100
2016,103
2014,109
2015,81
2005,98
1996,114
2017,87
2015,132
1997,116
2013,92
2015,99
1945,63
2009,121
2016,56
2012,96
1972,115
2014,117
2009,58
2013,62
2016,65
2012,61
2017,65
2017,65
2010,58
2013,60
2015,81
2013,85
2017,93
2017,126
2004,99
2010,79
2010,26
2017,107
2017,133
1998,95
2012,100
2000,149
2017,52
2004,165
2016,104
2017,114
1987,109
2016,88
2016,143
2011,112
2016,101
2006,110
2018,83
2010,145
2017,87
2019,86
2015,115
2010,93
2017,121
2014,54
2010,100
2003,37
2011,33
2011,35
2011,32
2017,147
2014,110
2010,97
2017,108
1982,101
2010,100
2018,48
2016,103
1946,58
2018,90
2014,89
2018,83
2018,84
1997,104
2018,99
1992,105
2015,94
2012,150
2013,111
1990,116
1983,92
2016,23
2016,25
2016,85
2000,90
2019,67
2019,66
2016,91
2014,87
2016,98
1998,108
2013,85
2012,95
2017,103
1976,118
1962,153
2017,96
1990,88
2015,116
2015,155
2017,88
2017,92
2019,98
2010,103
2017,163
1994,93
2018,77
2011,97
2015,115
2014,103
2016,82
2006,77
1995,79
2016,98
2005,131
2018,110
2015,100
2017,117
2017,107
2012,76
2014,118
1979,93
2008,99
1987,84
2016,102
2016,134
2017,78
2016,95
2013,73
2018,110
2016,75
2013,119
1981,92
2005,137
1989,192
2017,132
2018,91
2013,105
2015,88
1983,155
2017,103
2014,97
2016,92
2014,98
2017,89
1999,112
2017,75
2017,89
2017,99
2016,107
2016,29
2016,94
1986,90
2002,104
2017,55
2016,83
2014,77
2013,72
2017,103
2018,131
1983,138
2016,143
2017,80
2006,132
2013,84
2014,99
2017,93
2016,114
2017,100
1988,132
2016,83
2016,105
1973,112
2017,94
1985,90
2017,48
2017,110
2003,84
2017,118
2018,86
1997,98
2002,88
2016,81
2009,112
2018,106
2009,148
2015,105
2016,92
2016,112
1996,1
2008,128
2017,128
2004,136
2012,106
2016,129
2015,90
2014,130
2017,85
2011,90
2015,94
2016,86
2017,100
2018,107
2014,93
2015,109
2016,109
2017,92
2015,93
2019,100
2017,141
2003,119
2016,84
1997,96
2016,83
2017,117
2017,93
2013,73
2015,72
2012,46
2014,74
2013,46
2011,46
2014,74
2012,71
2016,72
2015,76
2010,23
2013,60
2013,46
2005,101
2009,97
2016,111
2015,96
2015,135
2016,91
2013,84
2011,121
2017,74
2013,94
2016,105
2002,97
2015,102
1984,86
2007,88
2012,90
2012,131
2004,158
2014,85
2014,110
2007,79
1962,185
2010,80
2005,116
2017,95
2013,99
2016,77
2015,91
2015,115
2016,68
2015,72
2014,73
2013,104
2001,90
2015,99
2009,109
2012,108
2011,99
2014,99
1999,1
2017,88
2006,92
2016,73
2017,85
2016,91
1982,171
2016,80
2011,102
2017,76
2016,92
1993,82
2016,42
2004,131
2016,165
2016,91
2015,101
2016,53
1945,59
2016,108
2018,89
2004,91
2016,84
2007,96
2017,124
2018,87
2013,113
2014,118
2008,97
1981,1
1997,1
2005,161
2018,116
2007,104
2020,89
2019,92
2019,90
2017,50
2017,53
2018,113
2017,53
2017,54
2017,53
2017,54
2018,113
2017,53
2017,53
2018,53
2017,54
2017,54
2017,52
2017,54
2017,54
2018,53
2017,53
2018,53
2018,113
2012,53
2017,86
1995,102
2016,114
2009,99
2012,55
2015,91
2013,117
2013,124
2016,122
2014,84
2009,84
2018,120
1960,127
2007,122
2004,125
2015,107
2016,91
2011,103
2012,103
2015,106
2017,102
2012,97
1983,89
2017,92
2016,107
2018,86
2018,70
2018,66
2018,72
2019,111
1968,166
2016,135
2013,92
2017,87
2018,92
2017,89
2016,93
2013,90
2015,76
2006,86
2016,111
2016,124
2018,93
2018,139
2016,91
1984,86
2017,122
2017,96
2014,88
2019,93
2018,90
2017,103
2018,102
2006,105
2015,117
2007,126
2017,89
2007,82
2007,82
2002,98
2016,96
1988,108
2015,91
2015,163
2002,112
2000,137
2018,89
2007,86
1997,187
2017,109
1990,77
1992,84
2011,140
2017,68
1992,117
2014,105
2009,91
2016,104
2009,114
2013,112
1990,5
1988,48
2016,95
2006,89
2016,108
2017,72
2007,109
2016,105
2016,92
2018,95
2018,108
2015,85
1993,126
2015,118
2009,125
2012,112
2017,96
2018,81
2018,81
2017,92
1946,1
2002,127
1998,81
2018,133
2010,81
2016,108
1986,120
1980,149
2018,92
2018,96
1980,114
2016,77
2018,90
1998,1
1999,1
2011,24
2011,46
2011,24
2014,55
2012,24
2012,23
1997,1
1996,1
2013,24
2013,24
2013,106
1942,52
2013,127
2015,86
1996,131
1984,93
2017,97
2018,84
2019,83
2000,165
1994,154
2014,158
2012,89
2011,149
2019,96
2008,106
2015,128
2008,98
2009,99
2008,113
2013,71
2015,83
1980,129
2015,117
2015,93
2016,124
1996,177
1974,104
2018,113
1985,178
2018,90
2005,154
2018,122
2010,115
2017,126
2016,88
2011,99
2011,144
1955,111
2018,73
2016,81
1984,114
2017,112
2017,80
2016,24
2015,100
2012,96
2015,88
2015,95
2010,112
2017,112
2010,97
2017,97
2016,94
1980,97
2016,118
2014,95
2008,120
2012,84
2008,101
2015,103
2013,83
2011,107
2010,136
2015,96
2016,45
2018,92
1985,1
1976,120
1979,119
1982,100
1985,92
1990,104
2017,93
2014,98
2018,80
2015,79
2014,122
2015,118
2017,89
2012,26
2016,62
1968,137
1998,121
2017,103
2016,92
1995,89
2005,97
2004,134
1999,116
2018,110
2018,88
1998,3
2015,93
2013,72
2016,141
2016,82
2003,117
1982,118
2013,91
2014,105
2016,94
1983,137
2016,61
2012,86
2016,118
2016,173
2007,152
2014,99
2017,110
2017,116
2013,107
2018,109
2018,65
1945,32
2008,122
1964,228
2014,86
2010,72
2010,102
2015,140
2016,145
2005,126
2017,133
2008,141
2018,78
2012,150
1982,153
2017,83
2017,95
2018,93
2013,126
2019,95
2014,99
2017,93
1955,93
2000,88
2013,88
1993,195
1988,120
1998,77
2010,112
1997,121
2000,117
2012,90
1993,110
2012,86
2011,95
2007,101
2015,111
2013,54
2013,54
2013,54
2014,55
2013,54
2013,55
2014,55
2013,55
2014,55
2014,55
2012,102
2010,106
2017,69
2011,85
2010,146
2008,145
2016,103
1999,111
2019,125
2011,115
1986,1
2002,168
2012,109
2002,148
2002,92
2011,91
2008,135
2019,71
2010,112
2009,128
1990,168
2016,45
2018,75
2017,71
2016,122
2013,97
2009,89
2016,98
2017,115
2004,96
2017,119
2014,105
2018,88
2012,94
2016,77
2013,143
2015,127
2017,92
2017,87
2016,83
2015,95
2014,96
2016,107
2016,100
2014,49
2010,94
2015,101
2004,89
1996,135
1993,107
2015,84
1998,110
2008,95
2017,66
2015,83
2016,86
2005,137
2018,87
2013,142
1991,94
2018,135
2018,135
2009,104
2017,97
2003,128
2014,109
2016,73
2011,106
2019,94
2016,85
1976,98
2017,96
2019,75
2007,139
2018,117
2018,95
2015,129
2012,94
2018,112
2001,88
2002,100
2003,83
2015,93
2018,103
2019,88
2015,86
2015,88
2017,152
2013,106
2006,52
2008,98
2018,89
2017,86
2010,106
2010,100
2015,91
2014,113
2014,100
2017,132
2020,96
2019,96
2006,113
1992,95
2016,85
1981,106
1996,117
2016,123
2002,78
2019,95
2015,135
2011,130
2018,115
2014,114
2014,107
2019,93
2015,94
2014,85
2018,63
2017,104
2014,127
2007,113
1972,91
2006,154
1999,82
2016,98
2017,103
2017,86
2016,92
1977,123
2007,116
2017,93
2016,97
2016,108
1980,101
1999,177
2008,95
2011,97
1993,1
2014,111
2015,81
1999,89
2005,72
2013,112
2016,48
2017,81
2010,137
2016,89
2007,87
1991,88
1990,94
2010,125
2016,67
2017,108
2015,102
2003,109
2009,115
2015,98
2017,84
2016,133
2012,121
2016,100
2016,117
2018,78
2015,87
2016,88
2005,93
2011,107
2007,99
2016,140
1995,113
2005,89
1967,8
2019,97
2019,97
2010,108
2015,80
2013,90
2000,117
2016,95
2016,86
2017,100
2015,87
2016,101
1993,83
2018,89
1942,18
2018,72
2016,95
2015,95
2016,98
2016,59
2010,118
2015,98
2010,111
2009,116
2016,97
2008,95
2007,122
2019,95
2017,93
2006,107
2017,119
2005,119
2007,97
2013,96
1983,103
2017,96
2019,106
2017,109
2014,112
1977,96
2017,60
2017,113
2017,126
2016,109
2016,93
2010,101
2016,111
2015,107
2013,100
2016,92
1965,103
2010,105
2018,103
2016,101
2013,123
2011,114
1996,101
2013,99
1994,102
1970,66
1992,112
2015,101
2009,99
2011,105
1982,93
2018,121
2016,75
2015,95
2017,100
2006,151
2017,78
2017,85
2017,69
2012,84
2018,88
2015,86
2009,121
2016,99
2016,110
2005,104
2007,95
2015,96
2015,106
2017,112
1981,85
2016,107
2016,76
2015,95
2018,88
2010,116
2009,121
2009,82
2014,87
2019,46
1996,103
1978,97
1994,91
2000,91
1975,101
2008,104
2017,92
2017,113
2014,89
2016,115
2016,84
2013,106
2003,124
2018,83
2019,107
2011,158
2018,95
2017,97
2016,97
2009,89
2014,161
2015,205
2015,123
2014,190
2018,136
1979,161
2005,133
2011,119
2017,94
2008,85
2017,108
2018,71
2011,147
2017,88
2015,99
2017,96
2016,97
2005,92
2016,79
2013,53
2017,94
2014,123
2018,103
2016,111
2009,123
2014,100
2018,75
2018,118
1995,96
2009,108
2016,99
2018,103
2009,99
2015,100
2011,105
2015,52
2007,106
2013,90
2017,95
2010,118
2006,98
2017,86
2016,84
1992,93
2010,88
2016,131
2018,44
2014,96
2018,70
2019,88
2017,87
2016,118
2017,89
2018,85
2015,107
2006,138
2015,119
2017,93
2019,87
1974,121
2008,95
2014,103
2003,201
2002,179
2008,87
2016,98
1982,82
1993,85
2017,90
2009,68
1998,138
1999,136
2003,138
2003,129
2018,116
2017,130
1944,40
2009,94
2016,104
2016,91
2015,70
2011,104
2017,115
1991,85
1988,85
1984,138
1944,40
2018,82
2016,90
2018,99
2014,91
2008,106
2010,108
2001,94
2016,87
1997,124
1993,141
2018,93
2012,103
2004,141
2013,155
2006,93
2014,78
2017,118
2012,88
2012,140
2015,124
2012,110
2004,100
2017,96
2004,116
2014,91
2004,111
2009,98
2017,125
2019,76
2006,117
2018,90
2008,119
1997,136
2010,52
2015,81
2016,77
2017,120
2016,102
2015,90
2016,90
2016,92
2011,93
2002,116
2014,107
2016,87
1994,111
2016,101
2011,91
2014,103
2011,120
2015,90
2014,92
2012,99
2001,124
2015,111
2016,32
2019,86
2014,104
2014,123
2017,105
1955,97
2014,97
2015,90
2013,163
2010,121
2016,120
2013,95
1978,84
2010,94
2019,94
2015,122
2017,90
2015,91
2017,89
1989,1
2018,98
2009,106
1999,139
1974,83
2013,96
2016,94
2017,58
2002,96
2009,107
2017,104
1996,94
2016,108
2015,91
2016,58
2002,99
1963,4
2009,96
2011,93
2016,106
2013,103
2015,91
2015,98
2014,111
2007,112
1998,90
2006,101
2017,98
2015,92
2018,88
2016,47
2016,100
2017,114
1999,128
2018,53
2017,89
2016,83
1985,85
2016,94
2017,104
1988,89
2016,86
2017,107
2015,77
2015,123
2017,122
2017,131
2011,77
2010,125
2010,125
2016,88
2010,96
2017,93
1947,42
2016,108
2017,151
2013,125
2014,78
2018,97
2016,84
1995,108
2017,89
2001,60
1997,119
2016,87
2001,104
2016,94
2015,94
2007,130
2007,88
2016,118
1996,94
2008,114
2014,119
2014,114
2016,94
2017,82
2015,82
1990,96
1995,100
2001,104
2004,101
2015,99
2018,98
2016,100
1985,134
1995,173
2014,113
2019,91
2017,110
2017,90
1969,128
2017,108
2015,124
2010,89
2012,162
1944,76
2013,96
2014,102
2010,53
1990,2
2018,86
2015,89
2018,80
2016,95
2015,78
2008,90
2013,125
2016,94
2006,90
2017,104
2017,40
2013,108
2016,94
1943,61
2012,94
2017,105
2011,83
2009,110
2017,121
2018,95
2016,130
2005,132
1995,2
2008,90
2016,117
2018,130
2016,78
2017,106
2015,110
2018,91
2016,113
2016,101
2017,125
2014,116
2004,106
2018,113
2018,99
2013,130
2016,120
2015,94
2005,94
2016,109
2017,94
2017,96
2007,103
2013,109
2011,147
2016,98
2014,73
2015,92
2017,78
2018,68
2015,96
2018,83
2016,91
2018,93
2017,38
2015,94
1983,91
2016,95
2015,124
2016,73
2014,108
2017,84
1967,93
2019,96
2017,102
2000,130
2017,52
2018,91
2002,110
2013,75
2016,103
2000,89
2017,86
2015,97
2018,89
2016,91
2017,78
1967,90
2016,50
2016,84
1943,82
1999,106
2018,105
2017,105
1971,100
2017,85
1981,86
2010,100
2014,106
2019,108
2017,74
2016,109
2019,97
2006,129
2015,49
2013,93
2015,133
2016,140
1943,45
1994,191
2017,81
2002,124
2005,101
2001,106
2008,137
2001,171
2011,132
2013,147
2006,151
2018,97
2014,90
2010,111
2012,112
2015,107
2016,96
2016,88
2015,78
2017,87
2017,85
2015,157
2009,116
2008,113
2011,94
1973,81
2005,88
2016,98
2014,131
2009,120
2015,96
2007,158
2009,88
2006,88
2015,111
