2021,2020
2021,2021
2021,2021
2021,2021
2021,2021
2021,2021
2021,2021
2021,1993
2021,2021
2021,2021
2021,2021
2021,2021
2021,2021
2021,2021
2021,2021
2021,2021
2021,2020
2021,2020
2021,2021
2021,2021
2021,2021
2021,2018
2021,1996
2021,2021
2021,1998
2021,2021
2021,1997
2021,2010
2021,2013
2021,2013
2021,2021
2021,2021
2021,2020
2021,2021
2021,2020
2021,2021
2021,2021
2021,2018
2021,2017
2021,2021
2021,2021
2021,1975
2021,1978
2021,1983
2021,1987
2021,2021
2021,2012
2021,2020
2021,2001
2021,2021
2021,2014
2021,2002
2021,2003
2021,2004
2021,2001
2021,2021
2021,2011
2021,2008
2021,2009
2021,2007
2021,2010
2021,2005
2021,2006
2021,2004
2021,2021
2021,2021
2021,2014
2021,1994
2021,2021
2021,2015
2021,2021
2021,2021
2021,2021
2021,2018
2021,2021
2021,2021
2021,2013
2021,2021
2021,2020
2021,2021
2021,2021
2021,2021
2021,2021
2021,2021
2021,2020
2021,2021
2021,2021
2021,2019
2021,2021
2021,2017
2021,2019
2021,2021
2021,2021
2021,2021
2021,2018
2021,2021
2021,2018
2021,2021
2021,2021
2021,2021
2021,2019
2021,2021
2021,2021
2021,2020
2021,2016
2021,2017
2021,2021
2021,2018
2021,2021
2021,2021
2021,2021
2021,2021
2021,2021
2021,2021
2021,1994
2021,2009
2021,2015
2021,2021
2021,2017
2021,2020
2021,2021
2021,2019
2021,2003
2021,2012
2021,2013
2021,2021
2021,2020
2021,2004
2021,2017
2021,2005
2021,2021
2021,1982
2021,2021
2021,2015
2021,1994
2021,1993
2021,2003
2021,2001
2021,2010
2021,1989
2021,2014
2021,2015
2021,2007
2021,2011
2021,1990
2021,1991
2021,1994
2021,2021
2021,2020
2021,1998
2021,1999
2021,2005
2021,2016
2021,2016
2021,2015
2021,1986
2021,2010
2021,2018
2021,2003
2021,2010
2021,1992
2021,1996
2021,2017
2021,2003
2021,1999
2021,2019
2021,1984
2021,2008
2021,2001
2021,2006
2021,1997
2021,2017
2021,2003
2021,2015
2021,2003
2021,1980
2021,1986
2021,1961
2021,2014
2021,1996
2021,2000
2021,2021
2021,2008
2021,1993
2021,2021
2021,2021
2021,2021
2021,2021
2021,2008
2021,2020
2021,2021
2021,2017
2021,2008
2021,2021
2021,2002
2021,2008
2021,2021
2021,2021
2021,2021
2021,2006
2021,2004
2021,2003
2021,2005
2021,2016
2021,2012
2021,2001
2021,2010
2021,2008
2021,2010
2021,2013
2021,2011
2021,2014
2021,2016
2021,2021
2021,2021
2021,2007
2021,2011
2021,2011
2021,2021
2021,2021
2021,2021
2021,2021
2021,2021
2021,2021
2021,2021
2021,2021
2021,2021
2021,2020
2021,2014
2021,2020
2021,2021
2021,2021
2021,2019
2021,2021
2021,2021
2021,2021
2021,2021
2021,2021
2021,2021
2021,2021
2021,2021
2021,2021
2021,2021
2021,2021
2021,2018
2021,2021
2021,2021
2021,2021
2021,2021
2021,2021
2021,2020
2021,2011
2021,2021
2021,1995
2021,2021
2021,2021
2021,2020
2021,2015
2021,2020
2021,2018
2021,2020
2021,2021
2021,2021
2021,2016
2021,2014
2021,2018
2021,2020
2021,1993
2021,2020
2021,2015
2021,2021
2021,2021
2021,2021
2021,2021
2021,2021
2021,2021
2021,2021
2021,2021
2021,2021
2021,2021
2021,2021
2021,2016
2021,2020
2021,2021
2021,2021
2021,2013
2021,2021
2021,2021
2021,2018
2021,2019
2021,2021
2021,2021
2021,2012
2021,2021
2021,2020
2021,2021
2021,2021
2021,2021
2021,2020
2021,2021
2021,2021
2021,2013
2021,2013
2021,1985
2021,2021
2021,1993
2021,2016
2021,2021
2021,2012
2021,2021
2021,2021
2021,2021
2021,2021
2021,2009
2021,1995
2021,2010
2021,2011
2021,2021
2021,2021
2021,2005
2021,2021
2021,2013
2021,2008
2021,2012
2021,2020
2021,1992
2021,1993
2021,2007
2021,2016
2021,2002
2021,2009
2021,2020
2021,1999
2021,1986
2021,2019
2021,2006
2021,2010
2021,2007
2021,2014
2021,2021
2021,2010
2021,1999
2021,1995
2021,1991
2021,1994
2021,2015
2021,2008
2021,2009
2021,2019
2021,2003
2021,2000
2021,2004
2021,2016
2021,2013
2021,1991
2021,2011
2021,2010
2021,2004
2021,1995
2021,2000
2021,2010
2021,2021
2021,2018
2021,2021
2021,2021
2021,2014
2021,2021
2021,2020
2021,2009
2021,2021
2021,2021
2021,2009
2021,2021
2021,2021
2021,2013
2021,2021
2021,2021
2021,2021
2021,2019
2021,2021
2021,2021
2021,2021
2021,2021
2021,2012
2021,2021
2021,2021
2021,2021
2021,2021
2021,2021
2021,2019
2021,2019
2021,2020
2021,2012
2021,2021
2021,2021
2021,2021
2021,2021
2021,2021
2021,2021
2021,2021
2021,2021
2021,2021
2021,2021
2021,2021
2021,2021
2021,2015
2021,2013
2021,2009
2021,2011
2021,2010
2021,2013
2021,2013
2021,2013
2021,2013
2021,2012
2021,2009
2021,2013
2021,2015
2021,2019
2021,2010
2021,2012
2021,2014
2021,2011
2021,2011
2021,2012
2021,2019
2021,2021
2021,2019
2021,2021
2021,2020
2021,2021
2021,2021
2021,2021
2021,2020
2021,2020
2021,2019
2021,2021
2021,2021
2021,2020
2021,2021
2021,2021
2021,2021
2021,2021
2021,1999
2021,2021
2021,2017
2021,2017
2021,2011
2021,2012
2021,2010
2021,2009
2021,2008
2021,2021
2021,2021
2021,1983
2021,2021
2021,2019
2021,2021
2021,2021
2021,2021
2021,2007
2021,2019
2021,2019
2021,2021
2021,2021
2021,2021
2021,2021
2021,2021
2021,2021
2021,2019
2021,2021
2021,2021
2021,2021
2021,2020
2021,2015
2021,2019
2021,2016
2021,2021
2021,2021
2021,2021
2021,2020
2021,2021
2021,2021
2021,2021
2021,2021
2021,2021
2021,2016
2021,2021
2021,2021
2021,2017
2021,2021
2021,2017
2021,2018
2021,2021
2021,2015
2021,2019
2021,2014
2021,2021
2021,2020
2021,2021
2021,2021
2021,2020
2021,2010
2021,2021
2021,2021
2021,2020
2021,2021
2021,2019
2021,2019
2021,2019
2021,2016
2021,2017
2021,2007
2021,2018
2021,2019
2021,2019
2021,2021
2021,2017
2021,2020
2021,2020
2021,2021
2021,2021
2021,2015
2021,2019
2021,2019
2021,2018
2021,2019
2021,2016
2021,2012
2021,1976
2021,2015
2021,2018
2021,2019
2021,2021
2021,2019
2021,2015
2021,2018
2021,2018
2021,2021
2021,2020
2021,2020
2021,2018
2021,1959
2021,2020
2021,2021
2021,2020
2021,2021
2021,2021
2021,2020
2021,2020
2021,2021
2021,2021
2021,2020
2021,2019
2021,2020
2021,2013
2021,2021
2021,2018
2021,2012
2021,1997
2021,2021
2021,2002
2021,1997
2021,1999
2021,1997
2021,2020
2021,2000
2021,1995
2021,1993
2021,2019
2021,2021
2021,2021
2021,2019
2021,2008
2021,2011
2021,2010
2021,2019
2021,2021
2021,2005
2021,1988
2021,2021
2021,1995
2021,2016
2021,2011
2021,2001
2021,2018
2021,1992
2021,2020
2021,2018
2021,2019
2021,2016
2021,2008
2021,2010
2021,2000
2021,2009
2021,1999
2021,2019
2021,2006
2021,2010
2021,2019
2021,1997
2021,1984
2021,1986
2021,1989
2021,2003
2021,1980
2021,2006
2021,2008
2021,2002
2021,2010
2021,2003
2021,2012
2021,2009
2021,2020
2021,1998
2021,1998
2021,2019
2021,2021
2021,2021
2021,2020
2021,2019
2021,2020
2021,2019
2021,2021
2021,2021
2021,2021
2021,2021
2021,2020
2021,2021
2021,2020
2021,2012
2021,2021
2021,2019
2021,2018
2021,2019
2021,2010
2021,2021
2021,2021
2021,2021
2021,2021
2021,2021
2021,2021
2021,2021
2021,2021
2021,2021
2021,2021
2021,2021
2021,2021
2021,2021
2021,2019
2021,2016
2021,2003
2021,2004
2021,2021
2021,2014
2021,2016
2021,2015
2021,2001
2021,2021
2021,2018
2021,2021
2021,2018
2021,2018
2021,2019
2021,2020
2021,2020
2021,2020
2021,2015
2021,2018
2021,2020
2021,1981
2021,1982
2021,1988
2021,2019
2021,2019
2021,2018
2021,2019
2021,2020
2021,2018
2021,2018
2021,2020
2021,2018
2021,2021
2021,2021
2021,2021
2021,2021
2021,2021
2021,2021
2021,2020
2021,1981
2021,2021
2021,2021
2021,2021
2021,2021
2021,2019
2021,2015
2021,2021
2021,2021
2021,2020
2021,2021
2021,2021
2021,2019
2021,2012
2021,2021
2021,2018
2021,2019
2021,2021
2021,2021
2021,2016
2021,2020
2021,2021
2021,2021
2021,2020
2021,2020
2021,2021
2021,2021
2021,1972
2021,2021
2021,2013
2021,2021
2021,2021
2021,2020
2021,2005
2021,2014
2021,2021
2021,2021
2021,2014
2021,2020
2021,2021
2021,2021
2021,2021
2021,2021
2021,2021
2021,2016
2021,2021
2021,2021
2021,2021
2021,2021
2021,2021
2021,2021
2021,2014
2021,2012
2021,2021
2021,2014
2021,2021
2021,2019
2021,2021
2021,2013
2021,2021
2021,2021
2021,2021
2021,2018
2021,2014
2021,2007
2021,2018
2021,2021
2021,2020
2021,2021
2021,2021
2021,2015
2021,2015
2021,2021
2021,2021
2021,2021
2021,2021
2021,2021
2021,2021
2021,2021
2021,2021
2021,2020
2021,2021
2021,2021
2021,2021
2021,2019
2021,2020
2021,2012
2021,2001
2021,2009
2021,2013
2021,2000
2021,2019
2021,2021
2021,1997
2021,2021
2021,2011
2021,2021
2021,2013
2021,2003
2021,2001
2021,2015
2021,2015
2021,2008
2021,2010
2021,1997
2021,2019
2021,2012
2021,2011
2021,2001
2021,1997
2021,2004
2021,2012
2021,2011
2021,2009
2021,2006
2021,2006
2021,2021
2021,2017
2021,2017
2021,2014
2021,2004
2021,1984
2021,2021
2021,2001
2021,1993
2021,1981
2021,2015
2021,2005
2021,2015
2021,1996
2021,1976
2021,2021
2021,2018
2021,2019
2021,2019
2021,2018
2021,2020
2021,2021
2021,2021
2021,2016
2021,2021
2021,2021
2021,2021
2021,2021
2021,2021
2021,2021
2021,2021
2021,2021
2021,2021
2021,2021
2021,2018
2021,2021
2021,2021
2021,2021
2021,2016
2021,2021
2021,2014
2021,2015
2021,2021
2021,2021
2021,2020
2021,2021
2021,2021
2021,2021
2021,2021
2021,2021
2021,2021
2021,2020
2021,2021
2021,2009
2021,2011
2021,2020
2021,2021
2021,2021
2021,2011
2021,2006
2021,2014
2021,2017
2021,1998
2021,1997
2021,2021
2021,2021
2021,2021
2021,2016
2021,2021
2021,2021
2021,2020
2021,2021
2021,2021
2021,2021
2021,2021
2021,2021
2021,2021
2021,2021
2021,2021
2021,2021
2021,2018
2021,2020
2021,2020
2021,2021
2021,2021
2021,2021
2021,2004
2021,2018
2021,2020
2021,2021
2021,2021
2021,2021
2021,2021
2021,2020
2021,2020
2021,2021
2021,2019
2021,2021
2021,2021
2021,2017
2021,2021
2021,1999
2021,2020
2021,2021
2021,2021
2021,2021
2021,2017
2021,2021
2021,2020
2021,2017
2021,2020
2021,2013
2021,2019
2021,2021
2021,2021
2021,2020
2021,2018
2021,2018
2021,2021
2021,2020
2021,2010
2021,2006
2021,2010
2021,1989
2021,2017
2021,2010
2021,2005
2021,2010
2021,2009
2021,2018
2021,2012
2021,2020
2021,2017
2021,2019
2021,2013
2021,2014
2021,2013
2021,2003
2021,2008
2021,2018
2021,2020
2021,1994
2021,2009
2021,2018
2021,2011
2021,2009
2021,2002
2021,2000
2021,2016
2021,2018
2021,1992
2021,2008
2021,2021
2021,2019
2021,2021
2021,2021
2021,2021
2021,2018
2021,2021
2021,2021
2021,2021
2021,2021
2021,2021
2021,2021
2021,2014
2021,2011
2021,2018
2021,2021
2021,2020
2021,2019
2021,2021
2021,2017
2021,2016
2021,2014
2021,2013
2021,2015
2021,2004
2021,2015
2021,2021
2021,2015
2021,2015
2021,2016
2021,2019
2021,2021
2021,2017
2021,2015
2021,2020
2021,2020
2021,2021
2021,2020
2021,2001
2021,2021
2021,2021
2021,2021
2021,2021
2021,2020
2021,2015
2021,2021
2021,2021
2021,2021
2021,2013
2021,2018
2021,2017
2021,2019
2021,2020
2021,2019
2021,2014
2021,2021
2021,2016
2021,2019
2021,1992
2021,2011
2021,2010
2021,2008
2021,2001
2021,2004
2021,2010
2021,2007
2021,2021
2021,2021
2021,2021
2021,2021
2021,2015
2021,2021
2021,2013
2021,2020
2021,2020
2021,2021
2021,2013
2021,2020
2021,2017
2021,2017
2021,2021
2021,2016
2021,2020
2021,2016
2021,2016
2021,2019
2021,2006
2021,2021
2021,2020
2021,2019
2021,2018
2021,2020
2021,2019
2021,2021
2021,2003
2021,2012
2021,2014
2021,2020
2021,1981
2021,2015
2021,2021
2021,2021
2021,2018
2021,2020
2021,2020
2021,2021
2021,2019
2021,2016
2021,2019
2021,2021
2021,2020
2021,2019
2021,2020
2021,2021
2021,2017
2021,2018
2021,2018
2021,2019
2021,2021
2021,2018
2021,2019
2021,2017
2021,2020
2021,2021
2021,2018
2021,2021
2021,2020
2021,2020
2021,2021
2021,2016
2021,2021
2021,2021
2021,2021
2021,2020
2021,2021
2021,2021
2021,2021
2021,2021
2021,2021
2021,2021
2021,2020
2021,2021
2021,2020
2021,2020
2021,2013
2021,2006
2021,2018
2021,2012
2021,2021
2021,2019
2021,2018
2021,2021
2021,2021
2021,2021
2021,2008
2021,2017
2021,2009
2021,2009
2021,2012
2021,2020
2021,2019
2021,2010
2021,2015
2021,2016
2021,2001
2021,2020
2021,2021
2021,1996
2021,2017
2021,1964
2021,2021
2021,2017
2021,2016
2021,2017
2021,2017
2021,2017
2021,2016
2021,2017
2021,2010
2021,2021
2021,2019
2021,2002
2021,2009
2021,1999
2021,2016
2021,2017
2021,2021
2021,2008
2021,2018
2021,2021
2021,2020
2021,2015
2021,2005
2021,2021
2021,2021
2021,2020
2021,2013
2021,2012
2021,2021
2021,2021
2021,2021
2021,2013
2021,2018
2021,1998
2021,2020
2021,2020
2021,2021
2021,2020
2021,2021
2021,2021
2021,2021
2021,2021
2021,2021
2021,2021
2021,2021
2021,2021
2021,2021
2021,2021
2021,2013
2021,2020
2021,2020
2021,2020
2021,2010
2021,2021
2021,2021
2021,2021
2021,2020
2021,2021
2021,2020
2021,2021
2021,2021
2021,2021
2021,2021
2021,2020
2021,2014
2021,2020
2021,2020
2021,2017
2021,2021
2021,2021
2021,2014
2021,2021
2021,2012
2021,2021
2021,2021
2021,2021
2021,2016
2021,2020
2021,2021
2021,2021
2021,2020
2021,2015
2021,2020
2021,2021
2021,2015
2021,2021
2021,2021
2021,2020
2021,2010
2021,2013
2021,2021
2021,2021
2021,2016
2021,2021
2021,2020
2021,2020
2021,2021
2021,2021
2021,2021
2021,2021
2021,2021
2021,2021
2021,2015
2021,2021
2021,2021
2021,2021
2021,2020
2021,2021
2021,2021
2021,2021
2021,2020
2021,2021
2021,2013
2021,2013
2021,2021
2021,2021
2021,2014
2021,2020
2021,2021
2021,2019
2021,2009
2021,2021
2021,2021
2021,2021
2021,1990
2021,2018
2021,2019
2021,1988
2021,2011
2021,2006
2021,2011
2021,2021
2021,2016
2021,2021
2021,2006
2021,2021
2021,2015
2021,2011
2021,2021
2021,2008
2021,2014
2021,2019
2021,2021
2021,2018
2021,2018
2021,2021
2021,2020
2021,2021
2021,2021
2021,2019
2021,2021
2021,2021
2021,2020
2021,2021
2021,2021
2021,2020
2021,2013
2021,2016
2021,2021
2021,2020
2021,2021
2021,2018
2021,2020
2021,2021
2021,2020
2021,2017
2021,2021
2021,2021
2021,2019
2021,2021
2021,2018
2021,2021
2021,2021
2021,2021
2021,2021
2021,2021
2021,2018
2021,2021
2021,2002
2021,2020
2021,2017
2021,2021
2021,2018
2021,2021
2021,2021
2021,2020
2021,2021
2021,2005
2021,2021
2021,2019
2021,2021
2021,2021
2021,2021
2021,2019
2021,2016
2021,2018
2021,2020
2021,2012
2021,2021
2021,2021
2021,2008
2021,2021
2021,2021
2021,2019
2021,1945
2021,2008
2021,2016
2021,2020
2021,2020
2021,2017
2021,2017
2021,2021
2021,2021
2021,2020
2021,2021
2021,2021
2021,2021
2021,2020
2021,2021
2021,2020
2021,2020
2021,2021
2021,2012
2021,2018
2021,2020
2021,2021
2021,1997
2021,2019
2021,2018
2021,2018
2021,2019
2021,2010
2021,2008
2021,2020
2021,2019
2021,2015
2021,2019
2021,2005
2021,2019
2021,2020
2021,2018
2021,2021
2021,2021
2021,2021
2021,2021
2021,2021
2021,2021
2021,2021
2021,2021
2021,2020
2021,2018
2021,2021
2021,2018
2021,2021
2021,2019
2021,2019
2021,2021
2021,2021
2021,2019
2021,2020
2021,2010
2021,2021
2021,2020
2021,2020
2021,2020
2021,2021
2021,2020
2021,2021
2021,2021
2021,2013
2021,2016
2021,2020
2021,2018
2021,2021
2021,2021
2021,2021
2021,2020
2021,2016
2021,2021
2021,2014
2021,2019
2021,2020
2021,2020
2021,2021
2021,2021
2021,2021
2021,2011
2021,2020
2021,2017
2021,2021
2021,2019
2021,2021
2021,2020
2021,2021
2021,2011
2021,2005
2021,2005
2021,2021
2021,2021
2021,2003
2021,2021
2021,2018
2021,2021
2021,2021
2021,2021
2021,2021
2021,2020
2021,2016
2021,2020
2021,2021
2021,2021
2021,2020
2021,2021
2021,2021
2021,1999
2021,2020
2021,2019
2021,2012
2021,2020
2021,2014
2021,2009
2021,2021
2021,2021
2021,1987
2021,2020
2021,2013
2021,1997
2021,2009
2021,2021
2021,2007
2021,2017
2021,2017
2021,2011
2021,2021
2021,1988
2021,2020
2021,2014
2021,2019
2021,2013
2021,2021
2021,2011
2021,2021
2021,1993
2020,2017
2020,2020
2020,2014
2020,2020
2020,2020
2020,2019
2020,2020
2020,2019
2020,2020
2020,2020
2020,2018
2020,2020
2020,2020
2020,2020
2020,2020
2020,2011
2020,2020
2020,2019
2020,2020
2020,2020
2020,2020
2020,2020
2020,2020
2020,2019
2020,2020
2020,2019
2020,2018
2020,2019
2020,2012
2020,2020
2020,2020
2020,2020
2020,2020
2020,2020
2020,2020
2020,2020
2020,2016
2020,2020
2020,2010
2020,2020
2020,2018
2020,2019
2020,2020
2020,2012
2020,2019
2020,2020
2020,2020
2020,2020
2020,2020
2020,2006
2020,2020
2020,2004
2020,2009
2020,2020
2020,2018
2020,2019
2020,2017
2020,2020
2020,2020
2020,2019
2020,2020
2020,2019
2020,2020
2020,2020
2020,2012
2020,2020
2020,2016
2020,2013
2020,2011
2020,2011
2020,2016
2020,2020
2020,2020
2020,2014
2020,2018
2020,2020
2020,2020
2020,2011
2020,2006
2020,2019
2020,2020
2020,2021
2020,2020
2020,2020
2020,2020
2020,2018
2020,2020
2020,2020
2020,2020
2020,2020
2020,2020
2020,2020
2020,2020
2020,2020
2020,2020
2020,2016
2020,2013
2020,2019
2020,2019
2020,2013
2020,2019
2020,2020
2020,2020
2020,2020
2020,2020
2020,2020
2020,2020
2020,2020
2020,2019
2020,2020
2020,2020
2020,2020
2020,2016
2020,2018
2020,2020
2020,2020
2020,2020
2020,2020
2020,2020
2020,2020
2020,2020
2020,2020
2020,2020
2020,2020
2020,2020
2020,2020
2020,2020
2020,2020
2020,2019
2020,2018
2020,2020
2020,2020
2020,2013
2020,2020
2020,2020
2020,2020
2020,2020
2020,2020
2020,2014
2020,2020
2020,2009
2020,2014
2020,2014
2020,2014
2020,2018
2020,2012
2020,2006
2020,2020
2020,2015
2020,2017
2020,2018
2020,1990
2020,2006
2020,2010
2020,2006
2020,2018
2020,2018
2020,2020
2020,2018
2020,2020
2020,2020
2020,2018
2020,2019
2020,2020
2020,2020
2020,2020
2020,2020
2020,2020
2020,2020
2020,1999
2020,2020
2020,2020
2020,2020
2020,2020
2020,2018
2020,2020
2020,2020
2020,2017
2020,2020
2020,2020
2020,2020
2020,2020
2020,2020
2020,2020
2020,2015
2020,2020
2020,2020
2020,2020
2020,2020
2020,2020
2020,2020
2020,2017
2020,2018
2020,2020
2020,2013
2020,2019
2020,2020
2020,2020
2020,2019
2020,2020
2020,2020
2020,2020
2020,2020
2020,2004
2020,2011
2020,2010
2020,2015
2020,2010
2020,2016
2020,2011
2020,2016
2020,2020
2020,2018
2020,2009
2020,2020
2020,2020
2020,2020
2020,2020
2020,2020
2020,2016
2020,2017
2020,2017
2020,2013
2020,2019
2020,2013
2020,2018
2020,2021
2020,2014
2020,2020
2020,1954
2020,2019
2020,2019
2020,2020
2020,2020
2020,2020
2020,2020
2020,2020
2020,2008
2020,2020
2020,2018
2020,2013
2020,2020
2020,2020
2020,2019
2020,2008
2020,2020
2020,2020
2020,2020
2020,2020
2020,1979
2020,2020
2020,2006
2020,2020
2020,2020
2020,2018
2020,2020
2020,2020
2020,2020
2020,2019
2020,2016
2020,2018
2020,2020
2020,2019
2020,2020
2020,2020
2020,2012
2020,2020
2020,2020
2020,2018
2020,2018
2020,2020
2020,2020
2020,2020
2020,2020
2020,2016
2020,2020
2020,2020
2020,2018
2020,2019
2020,2019
2020,2002
2020,2020
2020,2020
2020,2018
2020,2019
2020,2018
2020,2019
2020,2018
2020,2020
2020,2019
2020,2019
2020,1989
2020,2018
2020,2018
2020,2016
2020,2018
2020,2020
2020,2012
2020,1994
2020,2018
2020,2020
2020,2017
2020,2018
2020,2019
2020,2019
2020,2020
2020,2017
2020,2020
2020,2020
2020,2020
2020,2020
2020,2020
2020,2020
2020,2020
2020,2013
2020,2020
2020,2016
2020,2013
2020,2020
2020,2020
2020,2020
2020,2020
2020,2020
2020,2020
2020,2020
2020,2009
2020,2018
2020,2019
2020,2019
2020,2020
2020,2020
2020,2020
2020,2018
2020,2020
2020,2020
2020,2017
2020,2020
2020,2018
2020,2019
2020,2018
2020,2018
2020,2020
2020,2020
2020,2020
2020,2020
2020,2020
2020,2020
2020,1975
2020,2005
2020,2013
2020,2014
2020,2017
2020,1991
2020,2017
2020,2012
2020,2003
2020,1982
2020,2007
2020,2020
2020,1999
2020,2018
2020,1980
2020,2005
2020,2012
2020,2020
2020,2020
2020,2018
2020,2020
2020,2016
2020,2020
2020,2020
2020,2020
2020,2020
2020,2014
2020,2020
2020,2016
2020,2018
2020,2018
2020,2005
2020,2017
2020,2020
2020,2006
2020,2020
2020,2020
2020,2020
2020,2020
2020,2020
2020,2020
2020,2004
2020,2020
2020,2020
2020,1990
2020,1982
2020,2015
2020,2020
2020,2006
2020,2002
2020,2017
2020,2020
2020,2020
2020,2018
2020,2020
2020,2020
2020,2020
2020,2020
2020,2020
2020,2004
2020,2020
2020,2020
2020,2020
2020,2020
2020,2020
2020,2019
2020,2020
2020,2017
2020,2020
2020,2020
2020,2020
2020,2018
2020,2016
2020,2017
2020,2016
2020,2020
2020,2005
2020,2020
2020,2009
2020,2020
2020,2020
2020,2020
2020,2017
2020,2020
2020,2020
2020,2020
2020,2017
2020,2019
2020,2013
2020,2019
2020,2018
2020,2016
2020,2016
2020,2020
2020,2019
2020,2016
2020,2019
2020,2018
2020,2020
2020,2005
2020,2019
2020,2018
2020,2019
2020,2020
2020,2020
2020,2003
2020,2019
2020,2018
2020,2020
2020,2020
2020,2019
2020,2010
2020,2020
2020,2018
2020,2020
2020,2020
2020,2020
2020,2012
2020,2020
2020,2020
2020,2002
2020,2013
2020,2014
2020,2008
2020,2003
2020,2009
2020,2007
2020,1999
2020,2007
2020,2007
2020,2020
2020,2019
2020,2020
2020,2015
2020,2020
2020,2020
2020,2016
2020,2020
2020,2020
2020,2019
2020,2011
2020,2020
2020,2020
2020,2020
2020,2020
2020,2020
2020,2018
2020,2016
2020,2017
2020,2017
2020,2016
2020,2019
2020,2016
2020,2019
2020,2013
2020,2015
2020,2020
2020,2013
2020,2016
2020,2014
2020,2020
2020,2020
2020,2020
2020,2019
2020,2020
2020,2014
2020,2020
2020,2020
2020,2020
2020,2014
2020,2020
2020,2020
2020,2020
2020,2020
2020,2020
2020,2018
2020,2020
2020,2020
2020,2020
2020,2020
2020,2016
2020,2020
2020,2020
2020,2020
2020,2002
2020,2020
2020,2013
2020,2020
2020,2018
2020,2020
2020,2020
2020,2020
2020,2007
2020,2014
2020,2020
2020,2020
2020,2020
2020,2014
2020,2018
2020,2018
2020,2019
2020,2019
2020,2018
2020,2017
2020,2020
2020,2020
2020,2019
2020,2018
2020,2016
2020,2016
2020,2017
2020,2018
2020,2020
2020,2020
2020,2020
2020,2020
2020,2020
2020,2020
2020,2020
2020,2020
2020,2020
2020,2020
2020,2010
2020,2020
2020,2010
2020,2017
2020,2020
2020,2020
2020,2020
2020,2019
2020,2020
2020,2019
2020,2015
2020,2020
2020,2018
2020,2020
2020,2020
2020,2020
2020,2020
2020,2009
2020,2020
2020,2020
2020,2018
2020,2016
2020,2020
2020,2017
2020,2020
2020,2012
2020,2019
2020,2016
2020,2016
2020,2020
2020,2002
2020,2020
2020,2011
2020,2008
2020,1998
2020,1998
2020,2018
2020,2020
2020,2020
2020,2019
2020,2011
2020,2020
2020,2020
2020,2020
2020,2020
2020,2020
2020,2020
2020,2020
2020,2020
2020,2020
2020,2020
2020,1998
2020,2020
2020,2016
2020,2020
2020,2019
2020,2020
2020,2020
2020,2020
2020,2020
2020,2020
2020,2016
2020,2019
2020,2013
2020,2020
2020,2020
2020,2020
2020,2020
2020,2020
2020,2020
2020,2020
2020,2019
2020,2020
2020,2020
2020,2020
2020,2020
2020,2019
2020,2017
2020,2020
2020,2020
2020,2018
2020,2012
2020,2014
2020,2020
2020,2016
2020,2020
2020,2014
2020,2009
2020,2020
2020,2020
2020,2020
2020,2018
2020,2020
2020,2020
2020,2020
2020,2020
2020,2014
2020,2018
2020,2019
2020,2016
2020,2012
2020,2020
2020,2020
2020,2014
2020,2020
2020,2020
2020,2019
2020,2020
2020,2018
2020,2016
2020,2020
2020,2020
2020,2020
2020,2020
2020,2020
2020,2018
2020,2020
2020,2020
2020,2020
2020,2020
2020,2020
2020,2016
2020,2020
2020,2020
2020,2020
2020,2019
2020,2020
2020,2020
2020,2020
2020,2020
2020,2020
2020,2020
2020,2020
2020,2017
2020,2000
2020,2020
2020,2014
2020,2020
2020,2020
2020,2018
2020,2017
2020,2008
2020,2020
2020,2020
2020,2018
2020,2020
2020,2020
2020,2020
2020,2020
2020,2020
2020,2020
2020,2020
2020,2017
2020,2020
2020,2020
2020,2020
2020,2016
2020,2019
2020,2020
2020,2020
2020,2020
2020,2019
2020,2020
2020,2020
2020,2019
2020,2020
2020,2020
2020,2016
2020,2020
2020,2020
2020,2019
2020,2020
2020,2020
2020,2020
2020,2020
2020,2015
2020,2020
2020,2019
2020,2020
2020,2020
2020,2019
2020,2019
2020,2020
2020,2020
2020,2017
2020,2018
2020,2019
2020,2018
2020,2020
2020,2020
2020,2020
2020,2020
2020,2019
2020,2020
2020,2018
2020,2019
2020,2020
2020,2020
2020,2020
2020,2016
2020,2018
2020,2020
2020,2020
2020,2020
2020,2020
2020,2016
2020,2020
2020,2020
2020,2018
2020,2020
2020,2020
2020,2020
2020,2019
2020,2019
2020,2020
2020,2020
2020,2020
2020,2018
2020,2020
2020,2020
2020,2018
2020,2012
2020,2020
2020,2019
2020,2020
2020,2012
2020,2011
2020,2012
2020,2013
2020,2013
2020,2016
2020,2013
2020,2015
2020,2015
2020,2015
2020,2014
2020,2020
2020,2013
2020,2013
2020,2014
2020,2011
2020,2014
2020,2012
2020,2014
2020,2019
2020,2019
2020,2012
2020,2015
2020,2014
2020,2011
2020,2013
2020,2011
2020,2013
2020,2020
2020,2019
2020,2020
2020,2020
2020,2017
2020,2020
2020,2020
2020,2020
2020,2019
2020,1993
2020,2020
2020,2020
2020,2019
2020,2019
2020,2016
2020,2019
2020,2020
2020,2015
2020,2019
2020,1999
2020,2014
2020,2020
2020,2007
2020,2019
2020,2019
2020,1990
2020,2004
2020,2020
2020,2020
2020,2020
2020,2020
2020,2011
2020,2020
2020,2019
2020,2019
2020,2020
2020,2020
2020,2020
2020,2020
2020,2020
2020,2019
2020,2016
2020,2019
2020,2019
2020,2019
2020,2020
2020,2020
2020,2015
2020,2006
2020,2020
2020,2020
2020,2020
2020,2020
2020,2020
2020,2020
2020,2020
2020,2017
2020,2020
2020,2017
2020,2019
2020,2020
2020,2020
2020,1997
2020,2020
2020,2020
2020,2020
2020,2020
2020,2020
2020,2020
2020,1994
2020,2020
2020,2020
2020,2020
2020,1979
2020,1989
2020,1982
2020,1958
2020,1956
2020,2020
2020,2019
2020,2020
2020,1963
2020,2010
2020,1954
2020,1970
2020,2014
2020,2020
2020,2018
2020,2020
2020,2012
2020,2016
2020,2015
2020,2019
2020,2013
2020,2019
2020,2019
2020,2020
2020,2020
2020,2020
2020,2020
2020,2020
2020,2020
2020,2020
2020,2020
2020,2020
2020,2020
2020,2018
2020,2002
2020,2020
2020,2020
2020,2014
2020,2008
2020,2020
2020,2020
2020,2020
2020,2009
2020,2018
2020,2020
2020,2018
2020,2017
2020,2020
2020,2020
2020,2018
2020,2018
2020,2020
2020,2020
2020,2016
2020,2014
2020,2020
2020,2019
2020,2020
2020,2019
2020,2020
2020,2010
2020,2020
2020,2017
2020,2017
2020,2007
2020,2017
2020,2020
2020,2019
2020,2008
2020,2006
2020,2006
2020,2009
2020,2012
2020,2008
2020,2004
2020,2020
2020,2006
2020,2011
2020,2019
2020,1999
2020,2020
2020,2017
2020,2016
2020,2019
2020,2018
2020,2014
2020,2018
2020,2017
2020,2017
2020,2017
2020,2016
2020,2019
2020,2018
2020,2020
2020,2020
2020,1999
2020,2018
2020,2020
2020,2014
2020,2015
2020,2020
2020,2016
2020,2019
2020,2020
2020,2019
2020,2019
2020,2019
2020,2020
2020,2019
2020,2020
2020,2020
2020,2020
2020,2019
2020,2018
2020,2020
2020,2020
2020,2018
2020,1981
2020,1996
2020,1982
2020,2019
2020,2020
2020,1979
2020,1984
2020,1985
2020,1981
2020,1973
2020,1976
2020,2010
2020,2020
2020,2020
2020,2014
2020,2010
2020,2020
2020,2020
2020,2020
2020,2006
2020,2009
2020,2012
2020,2007
2020,2008
2020,2009
2020,2020
2020,2020
2020,2006
2020,2004
2020,2012
2020,2005
2020,2019
2020,2020
2020,2020
2020,2019
2020,2009
2020,2009
2020,2007
2020,2017
2020,2019
2020,2020
2020,2019
2020,2020
2020,2014
2020,2020
2020,2020
2020,2019
2020,2015
2020,2020
2020,2018
2020,2019
2020,2018
2020,2020
2020,2017
2020,2018
2020,2018
2020,2018
2020,2012
2020,2020
2020,2019
2020,2020
2020,2020
2020,2010
2020,1994
2020,2019
2020,2020
2020,2020
2020,2020
2020,2020
2020,2020
2020,2020
2020,2020
2020,2020
2020,2016
2020,2019
2020,2020
2020,2018
2020,2020
2020,2020
2020,2020
2020,2019
2020,2020
2020,2019
2020,2020
2020,2019
2020,2020
2020,2015
2020,2020
2020,2019
2020,2013
2020,2020
2020,2020
2020,2015
2020,2009
2020,2020
2020,2018
2020,2019
2020,2020
2020,2020
2020,2013
2020,2008
2020,2019
2020,2012
2020,2019
2020,2014
2020,2020
2020,2020
2020,2020
2020,2019
2020,2020
2020,2007
2020,2020
2020,2020
2020,2020
2020,2003
2020,2020
2020,2020
2020,2019
2020,2019
2020,2020
2020,2020
2020,2020
2020,2020
2020,2016
2020,2020
2020,2019
2020,2020
2020,2020
2020,2019
2020,2017
2020,2006
2020,2016
2020,2008
2020,2011
2020,2016
2020,2017
2020,2016
2020,2010
2020,2009
2020,2005
2020,2019
2020,2012
2020,2019
2020,2020
2020,2020
2020,2020
2020,2020
2020,2020
2020,2010
2020,2017
2020,2005
2020,2006
2020,2011
2020,2010
2020,2009
2020,2008
2020,2009
2020,2019
2020,2020
2020,2011
2020,2019
2020,2020
2020,2020
2020,2020
2020,2016
2020,2019
2020,2020
2020,2019
2020,2020
2020,2020
2020,2020
2020,2018
2020,2019
2020,2019
2020,2020
2020,2020
2020,2006
2020,2020
2020,2018
2020,2020
2020,2020
2020,2020
2020,2019
2020,2020
2020,2020
2020,2018
2020,2020
2020,2020
2020,2020
2020,2020
2020,2020
2020,2019
2020,2019
2020,2020
2020,2020
2020,2016
2020,2015
2020,2020
2020,2015
2020,2019
2020,2018
2020,2019
2020,2020
2020,2020
2020,2020
2020,2018
2020,2018
2020,2019
2020,2019
2020,2020
2020,2020
2020,2020
2020,2019
2020,2020
2020,2019
2020,2020
2020,2019
2020,2020
2020,2019
2020,2010
2020,2017
2020,2019
2020,2017
2020,2019
2020,2017
2020,2019
2020,2013
2020,2020
2020,2019
2020,2020
2020,2017
2020,2020
2020,2019
2020,1990
2020,2015
2020,2012
2020,2015
2020,2020
2020,2008
2020,1984
2020,1998
2020,1980
2020,2013
2020,1993
2020,2014
2020,2020
2020,2014
2020,2005
2020,2006
2020,2001
2020,2003
2020,2016
2020,1998
2020,2015
2020,2020
2020,2014
2020,1987
2020,2019
2020,1986
2020,2020
2020,2020
2020,2020
2020,2017
2020,2010
2020,2020
2020,2014
2020,2020
2020,2018
2020,2020
2020,2019
2020,2019
2020,2020
2020,2016
2020,2017
2020,2019
2020,2018
2020,2019
2020,2019
2020,2020
2020,2020
2020,2019
2020,2020
2020,2019
2020,2019
2020,2020
2020,2020
2020,2020
2020,2019
2020,2020
2020,2020
2020,2020
2020,2019
2020,2020
2020,2019
2020,2020
2020,2020
2020,2019
2020,2020
2020,2018
2020,2020
2020,2020
2020,2020
2020,2020
2020,2020
2020,2020
2020,2020
2020,2020
2020,2017
2020,2020
2020,2020
2020,2020
2020,2020
2020,2020
2020,2020
2020,2020
2020,2020
2020,2019
2020,2020
2020,2020
2020,2017
2020,2020
2020,2017
2020,2019
2020,2016
2020,2020
2020,2020
2020,2018
2020,2014
2020,2019
2020,2019
2020,2019
2020,2019
2020,2019
2020,2020
2020,2020
2020,2018
2020,2020
2020,2020
2020,2019
2020,2020
2020,2020
2020,2019
2020,2020
2020,2020
2020,2020
2020,2020
2020,2020
2020,2020
2020,2020
2020,2017
2020,2017
2020,2020
2020,2019
2020,2019
2020,2020
2020,2020
2020,2020
2020,2016
2020,2020
2020,2020
2020,2019
2020,2010
2020,2019
2020,2005
2020,2016
2020,2018
2020,2019
2020,2020
2020,2019
2020,2019
2020,2011
2020,2020
2020,2014
2020,2020
2020,2019
2020,2020
2020,2019
2020,2016
2020,2011
2020,2016
2020,2017
2020,2007
2020,2020
2020,2018
2020,2019
2020,2020
2020,2019
2020,2019
2020,2020
2020,2019
2020,2020
2020,2020
2020,2020
2020,2020
2020,2019
2020,2020
2020,2016
2020,2015
2020,2020
2020,2015
2020,2016
2020,2020
2020,2015
2020,2014
2020,2020
2020,2019
2020,2020
2020,2019
2020,2018
2020,2020
2020,2020
2020,2020
2020,2020
2020,2020
2020,2019
2020,2020
2020,2020
2020,2012
2020,2020
2020,2018
2020,2008
2020,2015
2020,2019
2020,2015
2020,2017
2020,2016
2020,2016
2020,2017
2020,2017
2020,2019
2020,2019
2020,2017
2020,2020
2020,2010
2020,2019
2020,2020
2020,2018
2020,2019
2020,2021
2020,2020
2020,2019
2020,2019
2020,2015
2020,2020
2020,2018
2020,2020
2020,2017
2020,2020
2020,2019
2020,2018
2020,2018
2020,2019
2020,2019
2020,2019
2020,2018
2020,2020
2020,2018
2020,2020
2020,2019
2020,2020
2020,2020
2020,2017
2020,2020
2020,2020
2020,2014
2020,2019
2020,2020
2020,2020
2020,2020
2020,2019
2020,2020
2020,2020
2020,2019
2020,2020
2020,2016
2020,1994
2020,2015
2020,2020
2020,2017
2020,2018
2020,2019
2020,2019
2020,2020
2020,2014
2020,2018
2020,2014
2020,2019
2020,1999
2020,2020
2020,2020
2020,2016
2020,2017
2020,2020
2020,2020
2020,2020
2020,2019
2020,2009
2020,2020
2020,2020
2020,2018
2020,2020
2020,2020
2020,2020
2020,2020
2020,2019
2020,2020
2020,2017
2020,2019
2020,2015
2020,2020
2020,2017
2020,2020
2020,2020
2020,2020
2020,2020
2020,2020
2020,2020
2020,2020
2020,2020
2020,2019
2020,2004
2020,2020
2020,2019
2020,2011
2020,2019
2020,2020
2020,2013
2020,2020
2020,2020
2020,2020
2020,2020
2020,2019
2020,2019
2020,2020
2020,2011
2020,2019
2020,2015
2020,2019
2020,2008
2020,2015
2020,2018
2020,2019
2020,2020
2020,2017
2020,2019
2020,2020
2020,2018
2020,2019
2020,2020
2020,2018
2020,2019
2020,2020
2020,2019
2020,2020
2020,2020
2020,2020
2020,2014
2020,2020
2020,2020
2020,2020
2020,2020
2020,2017
2020,2020
2020,2020
2020,2020
2020,2019
2020,2017
2020,2020
2020,2019
2020,2018
2020,2017
2020,2018
2020,2014
2020,2018
2020,2019
2020,2007
2020,2008
2020,2009
2020,2020
2020,2015
2020,2001
2020,2017
2020,2019
2020,2020
2020,2017
2020,2020
2020,2006
2020,2018
2020,2017
2020,2015
2020,2015
2020,2009
2020,2017
2020,2020
2020,2017
2019,2019
2019,2019
2019,2019
2019,2019
2019,2019
2019,2019
2019,2018
2019,2016
2019,2018
2019,2019
2019,2019
2019,2019
2019,2019
2019,2013
2019,2018
2019,2019
2019,2018
2019,2019
2019,2019
2019,2019
2019,2019
2019,2017
2019,2019
2019,2019
2019,2017
2019,2019
2019,2019
2019,2019
2019,2019
2019,2019
2019,2019
2019,2012
2019,2019
2019,2017
2019,2019
2019,2014
2019,2018
2019,2015
2019,2015
2019,2019
2019,2019
2019,2019
2019,2019
2019,2019
2019,2019
2019,2019
2019,2019
2019,2018
2019,2015
2019,2015
2019,2016
2019,2015
2019,2019
2019,2018
2019,2001
2019,2015
2019,2006
2019,2011
2019,2013
2019,2011
2019,2012
2019,2019
2019,2007
2019,2017
2019,2010
2019,2004
2019,2009
2019,2017
2019,2008
2019,2012
2019,2012
2019,2005
2019,2011
2019,2019
2019,2016
2019,2017
2019,2016
2019,2018
2019,2019
2019,2018
2019,2019
2019,2019
2019,2017
2019,2019
2019,2019
2019,2017
2019,2019
2019,2019
2019,2019
2019,2017
2019,2017
2019,2020
2019,2019
2019,2017
2019,2017
2019,2019
2019,2019
2019,2019
2019,2019
2019,2019
2019,2019
2019,2016
2019,2017
2019,2019
2019,2019
2019,2019
2019,2019
2019,2019
2019,2019
2019,2019
2019,2018
2019,2019
2019,2019
2019,2014
2019,2019
2019,2018
2019,2019
2019,2019
2019,2017
2019,2016
2019,2017
2019,2018
2019,2016
2019,2019
2019,2017
2019,2019
2019,2015
2019,2019
2019,2019
2019,2019
2019,2019
2019,2019
2019,2018
2019,2019
2019,2016
2019,2019
2019,2018
2019,2018
2019,2017
2019,2019
2019,2018
2019,2019
2019,2019
2019,2019
2019,2019
2019,2019
2019,2008
2019,2019
2019,2019
2019,2019
2019,2019
2019,2019
2019,2019
2019,2015
2019,2019
2019,2019
2019,2019
2019,2019
2019,2017
2019,2019
2019,2019
2019,2019
2019,2015
2019,2008
2019,2019
2019,2019
2019,2019
2019,2019
2019,2019
2019,2019
2019,2019
2019,2019
2019,2019
2019,2019
2019,2019
2019,2019
2019,2019
2019,2019
2019,2019
2019,2019
2019,2019
2019,2019
2019,2019
2019,2014
2019,2015
2019,2013
2019,2003
2019,2019
2019,2019
2019,2019
2019,2019
2019,2019
2019,2019
2019,2013
2019,2010
2019,2011
2019,2019
2019,2004
2019,2019
2019,2002
2019,2017
2019,2018
2019,2019
2019,2013
2019,2019
2019,2019
2019,2019
2019,2003
2019,2019
2019,2019
2019,2020
2019,2019
2019,2019
2019,2009
2019,2019
2019,2019
2019,2019
2019,2019
2019,2019
2019,2019
2019,2019
2019,2019
2019,2016
2019,2019
2019,2019
2019,2018
2019,2019
2019,2014
2019,2019
2019,2019
2019,2017
2019,2019
2019,2019
2019,2016
2019,2016
2019,2019
2019,2019
2019,2014
2019,2014
2019,2015
2019,2012
2019,2017
2019,2017
2019,2013
2019,2016
2019,2015
2019,2010
2019,2015
2019,2013
2019,2019
2019,2015
2019,2018
2019,2019
2019,2016
2019,2017
2019,2018
2019,2008
2019,2019
2019,2019
2019,2015
2019,2019
2019,2018
2019,2014
2019,2010
2019,2016
2019,2019
2019,2019
2019,2019
2019,2019
2019,2019
2019,2019
2019,2019
2019,2007
2019,2019
2019,2006
2019,2019
2019,2016
2019,2019
2019,2019
2019,2019
2019,2019
2019,2016
2019,2019
2019,2017
2019,2019
2019,2019
2019,2018
2019,2019
2019,2019
2019,2018
2019,2019
2019,2019
2019,2020
2019,2019
2019,2014
2019,2019
2019,2019
2019,2019
2019,2018
2019,2019
2019,2019
2019,2019
2019,2019
2019,2018
2019,2019
2019,2019
2019,2019
2019,2019
2019,2019
2019,2019
2019,2018
2019,2019
2019,2016
2019,2019
2019,2018
2019,2017
2019,2019
2019,2019
2019,2019
2019,2019
2019,2019
2019,2019
2019,2018
2019,2019
2019,2019
2019,2017
2019,2019
2019,2017
2019,2019
2019,2019
2019,2017
2019,2019
2019,2019
2019,2017
2019,2018
2019,2019
2019,2017
2019,2019
2019,2019
2019,2016
2019,2019
2019,2019
2019,2019
2019,2015
2019,2015
2019,2018
2019,2014
2019,2019
2019,2019
2019,2019
2019,2017
2019,2019
2019,2019
2019,2019
2019,2019
2019,2019
2019,2020
2019,2019
2019,2018
2019,2019
2019,2019
2019,2019
2019,2019
2019,2019
2019,2019
2019,2019
2019,2018
2019,2019
2019,2019
2019,2019
2019,2016
2019,2019
2019,2019
2019,2019
2019,2019
2019,2019
2019,2019
2019,2019
2019,2019
2019,2019
2019,2019
2019,2019
2019,2019
2019,2018
2019,2016
2019,2017
2019,2018
2019,2018
2019,2018
2019,2018
2019,2017
2019,2017
2019,2019
2019,2018
2019,2019
2019,2000
2019,2016
2019,2017
2019,1998
2019,2005
2019,2019
2019,2019
2019,2019
2019,2019
2019,2019
2019,2018
2019,2019
2019,2019
2019,2019
2019,2019
2019,2013
2019,2018
2019,2019
2019,2019
2019,2019
2019,2019
2019,2019
2019,2019
2019,2019
2019,2019
2019,2018
2019,2009
2019,2019
2019,2019
2019,2019
2019,2019
2019,2019
2019,2019
2019,2019
2019,2019
2019,2018
2019,2019
2019,2019
2019,2019
2019,2019
2019,2012
2019,2019
2019,2006
2019,2019
2019,2019
2019,2019
2019,2019
2019,2019
2019,2018
2019,2019
2019,2019
2019,2019
2019,2019
2019,2019
2019,2019
2019,2019
2019,2019
2019,2019
2019,2019
2019,2018
2019,2018
2019,2019
2019,2019
2019,2019
2019,2016
2019,2019
2019,2012
2019,2016
2019,2018
2019,2006
2019,2014
2019,2018
2019,2004
2019,2019
2019,2018
2019,2019
2019,2018
2019,2019
2019,2019
2019,2019
2019,2018
2019,2019
2019,2018
2019,2019
2019,2019
2019,2019
2019,2019
2019,2019
2019,2016
2019,2019
2019,2019
2019,2019
2019,2018
2019,2019
2019,2019
2019,2019
2019,2019
2019,2019
2019,2019
2019,2019
2019,2018
2019,2019
2019,2019
2019,2019
2019,2019
2019,2019
2019,2019
2019,2019
2019,2019
2019,2019
2019,2015
2019,2019
2019,2019
2019,2019
2019,2019
2019,2018
2019,2019
2019,2019
2019,2019
2019,2019
2019,2019
2019,2019
2019,2019
2019,2019
2019,2018
2019,2019
2019,2019
2019,2019
2019,2019
2019,2019
2019,2018
2019,2019
2019,2019
2019,2019
2019,2014
2019,2019
2019,2019
2019,2015
2019,2013
2019,2014
2019,2015
2019,2014
2019,2012
2019,2019
2019,2019
2019,2016
2019,2015
2019,2015
2019,2014
2019,2018
2019,2016
2019,2019
2019,2019
2019,2017
2019,2017
2019,2019
2019,2019
2019,2019
2019,2019
2019,2018
2019,2019
2019,2019
2019,2019
2019,2019
2019,2019
2019,2018
2019,2019
2019,2019
2019,2019
2019,2019
2019,2019
2019,2019
2019,2018
2019,2018
2019,2018
2019,2008
2019,2013
2019,2004
2019,2007
2019,2019
2019,2019
2019,2019
2019,2019
2019,2019
2019,2019
2019,2019
2019,2018
2019,2019
2019,2019
2019,2018
2019,2019
2019,2010
2019,2011
2019,2015
2019,2017
2019,2019
2019,2019
2019,2019
2019,2018
2019,2019
2019,2019
2019,2019
2019,2019
2019,2019
2019,2017
2019,2019
2019,2019
2019,2019
2019,2019
2019,2019
2019,2019
2019,2016
2019,2019
2019,2019
2019,2019
2019,2019
2019,2019
2019,2019
2019,2019
2019,2008
2019,2018
2019,2019
2019,2015
2019,2018
2019,2018
2019,2013
2019,2019
2019,2019
2019,2011
2019,2019
2019,2019
2019,2018
2019,2019
2019,2019
2019,2017
2019,2019
2019,2018
2019,2019
2019,2019
2019,2019
2019,2018
2019,2012
2019,2019
2019,2019
2019,2019
2019,2019
2019,2019
2019,2019
2019,1998
2019,2019
2019,2019
2019,2013
2019,1995
2019,2018
2019,2019
2019,2019
2019,1997
2019,2019
2019,2019
2019,2019
2019,2019
2019,2019
2019,2015
2019,2018
2019,2012
2019,2014
2019,2019
2019,2019
2019,2018
2019,2011
2019,2019
2019,2019
2019,2017
2019,2019
2019,2019
2019,2019
2019,2019
2019,2019
2019,2019
2019,2018
2019,2019
2019,2019
2019,2019
2019,2019
2019,2019
2019,2019
2019,2019
2019,2019
2019,2011
2019,2018
2019,2019
2019,2019
2019,2019
2019,2019
2019,2019
2019,2019
2019,2018
2019,2019
2019,2019
2019,2019
2019,2019
2019,2016
2019,2019
2019,2015
2019,2019
2019,2014
2019,2019
2019,2019
2019,2019
2019,2019
2019,2019
2019,2017
2019,2017
2019,2019
2019,2019
2019,2019
2019,2019
2019,2019
2019,2019
2019,2019
2019,2019
2019,2019
2019,2019
2019,2019
2019,2017
2019,2019
2019,2019
2019,2018
2019,2019
2019,2019
2019,2019
2019,2019
2019,2018
2019,2019
2019,2019
2019,2018
2019,2019
2019,2014
2019,2016
2019,2018
2019,2019
2019,2019
2019,2019
2019,2019
2019,2019
2019,2019
2019,2019
2019,2018
2019,2019
2019,2017
2019,2018
2019,2017
2019,2019
2019,2019
2019,2018
2019,2019
2019,2018
2019,2019
2019,2018
2019,2019
2019,2018
2019,2019
2019,2011
2019,2019
2019,2018
2019,2019
2019,2019
2019,2016
2019,2019
2019,2019
2019,2018
2019,2015
2019,2016
2019,2016
2019,2015
2019,2015
2019,2016
2019,2015
2019,2016
2019,2016
2019,2019
2019,2019
2019,2019
2019,2019
2019,2019
2019,2019
2019,2019
2019,2019
2019,2019
2019,2019
2019,2019
2019,2019
2019,2019
2019,2018
2019,2019
2019,2019
2019,2018
2019,2013
2019,2008
2019,2018
2019,2019
2019,2018
2019,2019
2019,2019
2019,2014
2019,2019
2019,2018
2019,2018
2019,2013
2019,2009
2019,2012
2019,2004
2019,2018
2019,2018
2019,2018
2019,2019
2019,2019
2019,2019
2019,2018
2019,2019
2019,2019
2019,2015
2019,2018
2019,2019
2019,2019
2019,2005
2019,2019
2019,2019
2019,2017
2019,2019
2019,2019
2019,2019
2019,2019
2019,2014
2019,2019
2019,2019
2019,2013
2019,2019
2019,2001
2019,2005
2019,2018
2019,2003
2019,2003
2019,2003
2019,2018
2019,2005
2019,2016
2019,2018
2019,2019
2019,2019
2019,2014
2019,2013
2019,2019
2019,2019
2019,2019
2019,2018
2019,2019
2019,2019
2019,2019
2019,2019
2019,2018
2019,2019
2019,2017
2019,2019
2019,2015
2019,2017
2019,2019
2019,2019
2019,2019
2019,2017
2019,2019
2019,2019
2019,2019
2019,2019
2019,2019
2019,2019
2019,2018
2019,2018
2019,2019
2019,2015
2019,2019
2019,2018
2019,2016
2019,2018
2019,2013
2019,2017
2019,2019
2019,2019
2019,2018
2019,2017
2019,2019
2019,2019
2019,2019
2019,2019
2019,2019
2019,2019
2019,2018
2019,2019
2019,2018
2019,2018
2019,2017
2019,2008
2019,2019
2019,2018
2019,2018
2019,2018
2019,2017
2019,2019
2019,2019
2019,2019
2019,2018
2019,2019
2019,2018
2019,2019
2019,2019
2019,2019
2019,2007
2019,2019
2019,2014
2019,2016
2019,2016
2019,2016
2019,2016
2019,2019
2019,2018
2019,2018
2019,2019
2019,2019
2019,2014
2019,2019
2019,2018
2019,2017
2019,2019
2019,2018
2019,2018
2019,2006
2019,2011
2019,2012
2019,2008
2019,2018
2019,2018
2019,2018
2019,2018
2019,2019
2019,2019
2019,2007
2019,2016
2019,2016
2019,2017
2019,2017
2019,2018
2019,2018
2019,2019
2019,2019
2019,2018
2019,2017
2019,2018
2019,2018
2019,2018
2019,2018
2019,2018
2019,2019
2019,2019
2019,2018
2019,2019
2019,2018
2019,2012
2019,2014
2019,2015
2019,2015
2019,2016
2019,2016
2019,2017
2019,2019
2019,2015
2019,2011
2019,2018
2019,2018
2019,2018
2019,2018
2019,2018
2019,2018
2019,2019
2019,2019
2019,2019
2019,2019
2019,2014
2019,2018
2019,2012
2019,2018
2019,2019
2019,2018
2019,2018
2019,2008
2019,2018
2019,2018
2019,2015
2019,2015
2019,2014
2019,2017
2019,2018
2019,2013
2019,2013
2019,2017
2019,2014
2019,2015
2019,2012
2019,2018
2019,2006
2019,2018
2019,2018
2019,2016
2019,2019
2019,2019
2019,2019
2019,2019
2019,2018
2019,2018
2019,2018
2019,2018
2019,2001
2019,2017
2019,2018
2019,2015
2019,2018
2019,2018
2019,2017
2019,2018
2019,2012
2019,2017
2019,2004
2019,2012
2019,2015
2019,2019
2019,2018
2019,2006
2019,2002
2019,2019
2019,2018
2019,2017
2019,2008
2019,2018
2019,2018
2019,2019
2019,2018
2019,2018
2019,2018
2019,2018
2019,2019
2019,2019
2019,2019
2019,2019
2019,2018
2019,2017
2019,2018
2019,2018
2019,2019
2019,2018
2019,2018
2019,2018
2019,2019
2019,2018
2019,2017
2019,2016
2019,2018
2019,2019
2019,2014
2019,2018
2019,2017
2019,2018
2019,2019
2019,2018
2019,2018
2019,2019
2019,2019
2019,2018
2019,2017
2019,2018
2019,2010
2019,2010
2019,2017
2019,2019
2019,2018
2019,2018
2019,2018
2019,2012
2019,2018
2019,2016
2019,2015
2019,2017
2019,2018
2019,2018
2019,2018
2019,2018
2019,2018
2019,2019
2019,2019
2019,2018
2019,2019
2019,2017
2019,2019
2019,2018
2019,2017
2019,2019
2019,2019
2019,2019
2019,2019
2019,2017
2019,2018
2019,2019
2019,2018
2019,2019
2019,2019
2019,2017
2019,2016
2019,2018
2019,2018
2019,2002
2019,2017
2019,2018
2019,2018
2019,2019
2019,2016
2019,2017
2019,2016
2019,2018
2019,2017
2019,2018
2019,2019
2019,2018
2019,2019
2019,2019
2019,2018
2019,2019
2019,2017
2019,2018
2019,2018
2019,2018
2019,2018
2019,1999
2019,2018
2019,2018
2019,2018
2019,2017
2019,2013
2019,1975
2019,2019
2019,2015
2019,2019
2019,2018
2019,2012
2019,2017
2019,2017
2019,2017
2019,2018
2019,2019
2019,2010
2018,1991
2018,2015
2018,1992
2018,1993
2018,1989
2018,2013
2018,2008
2018,2016
2018,1987
2018,1991
2018,1991
2018,2016
2018,2018
2018,2018
2018,2018
2018,1990
2018,1991
2018,2011
2018,2008
2018,2012
2018,2011
2018,1925
2018,2018
2018,2018
2018,2018
2018,2015
2018,2012
2018,2018
2018,2018
2018,2018
2018,2018
2018,2018
2018,2011
2018,2018
2018,2018
2018,2018
2018,2018
2018,2018
2018,2018
2018,2018
2018,2017
2018,2018
2018,2017
2018,2016
2018,2018
2018,2018
2018,2018
2018,2018
2018,2011
2018,2018
2018,2015
2018,2012
2018,2015
2018,2014
2018,2018
2018,2018
2018,2018
2018,2018
2018,2018
2018,2018
2018,2014
2018,2011
2018,2014
2018,2014
2018,2018
2018,2014
2018,2018
2018,2018
2018,2017
2018,2018
2018,2018
2018,2018
2018,2018
2018,2017
2018,2018
2018,2018
2018,2018
2018,2018
2018,2018
2018,2018
2018,2018
2018,2018
2018,2018
2018,2018
2018,2018
2018,2018
2018,2018
2018,2018
2018,2018
2018,2018
2018,2018
2018,2018
2018,2018
2018,2018
2018,2018
2018,2018
2018,2018
2018,2018
2018,2018
2018,2018
2018,2011
2018,2009
2018,2018
2018,2018
2018,2013
2018,2014
2018,2014
2018,2018
2018,2011
2018,2014
2018,2015
2018,2017
2018,2015
2018,2016
2018,2009
2018,2018
2018,2010
2018,2017
2018,2017
2018,2013
2018,2008
2018,2018
2018,2018
2018,2018
2018,2018
2018,2018
2018,2018
2018,2018
2018,2018
2018,2018
2018,2018
2018,2018
2018,2018
2018,2018
2018,2015
2018,2018
2018,2018
2018,2018
2018,2018
2018,2018
2018,2018
2018,2018
2018,2018
2018,2017
2018,2018
2018,2018
2018,2018
2018,2018
2018,2018
2018,2007
2018,2017
2018,2016
2018,2016
2018,2018
2018,2018
2018,2018
2018,2018
2018,2018
2018,2018
2018,2018
2018,2017
2018,2017
2018,2018
2018,2018
2018,2015
2018,2018
2018,2018
2018,2017
2018,2018
2018,2018
2018,2018
2018,2017
2018,2009
2018,2017
2018,2018
2018,2018
2018,2018
2018,2018
2018,2018
2018,2018
2018,2017
2018,2017
2018,2018
2018,2018
2018,2003
2018,2018
2018,2018
2018,2018
2018,2018
2018,2018
2018,2018
2018,2009
2018,2008
2018,2015
2018,2013
2018,2011
2018,2018
2018,2012
2018,2010
2018,2018
2018,2006
2018,2015
2018,2007
2018,2009
2018,2010
2018,2018
2018,2017
2018,2018
2018,2015
2018,2013
2018,2012
2018,2007
2018,2012
2018,2013
2018,2012
2018,2013
2018,2013
2018,2012
2018,2006
2018,2015
2018,2007
2018,2013
2018,2008
2018,2014
2018,2011
2018,2008
2018,2010
2018,2014
2018,2013
2018,2013
2018,2014
2018,2015
2018,2012
2018,2017
2018,2016
2018,2008
2018,2014
2018,2011
2018,2018
2018,2015
2018,2018
2018,2006
2018,2018
2018,2018
2018,2018
2018,2018
2018,2018
2018,2018
2018,2018
2018,2009
2018,2017
2018,2018
2018,2015
2018,2018
2018,2018
2018,2018
2018,2017
2018,2018
2018,2018
2018,2017
2018,2018
2018,2018
2018,2018
2018,2018
2018,2018
2018,2018
2018,2018
2018,2013
2018,2018
2018,2017
2018,2016
2018,2018
2018,2018
2018,2018
2018,2012
2018,2018
2018,2018
2018,2017
2018,2018
2018,2018
2018,2018
2018,2018
2018,2018
2018,2018
2018,2018
2018,2018
2018,2018
2018,2018
2018,2018
2018,2018
2018,2018
2018,2018
2018,2018
2018,2018
2018,2018
2018,2018
2018,2018
2018,2018
2018,2017
2018,2018
2018,2018
2018,2018
2018,2018
2018,2018
2018,2018
2018,2018
2018,2018
2018,2018
2018,2017
2018,2017
2018,2017
2018,2012
2018,2018
2018,2014
2018,2008
2018,2014
2018,2000
2018,1998
2018,1982
2018,2014
2018,2009
2018,1972
2018,1974
2018,1979
2018,2005
2018,1989
2018,2013
2018,2016
2018,2017
2018,2009
2018,2014
2018,2016
2018,2009
2018,2009
2018,2014
2018,2017
2018,2012
2018,2018
2018,2013
2018,2014
2018,2009
2018,2018
2018,2017
2018,2014
2018,2008
2018,2015
2018,2009
2018,2018
2018,2014
2018,2009
2018,2008
2018,2009
2018,2016
2018,2012
2018,2005
2018,2017
2018,2016
2018,2012
2018,2011
2018,2011
2018,2018
2018,2018
2018,2009
2018,2014
2018,2013
2018,2013
2018,2016
2018,2016
2018,2015
2018,2014
2018,2013
2018,2008
2018,2013
2018,2015
2018,2017
2018,2016
2018,2012
2018,2018
2018,2013
2018,2018
2018,2016
2018,2010
2018,2012
2018,2009
2018,2010
2018,2015
2018,2016
2018,2012
2018,2018
2018,2018
2018,2018
2018,2018
2018,2018
2018,2018
2018,2018
2018,2018
2018,2018
2018,2018
2018,2018
2018,2018
2018,2018
2018,2018
2018,2018
2018,2018
2018,2014
2018,2016
2018,2017
2018,2018
2018,2018
2018,2018
2018,2018
2018,2018
2018,2018
2018,2018
2018,2018
2018,2018
2018,2018
2018,2018
2018,2018
2018,2018
2018,2018
2018,2004
2018,2013
2018,2016
2018,2018
2018,2018
2018,2018
2018,2018
2018,2018
2018,2018
2018,2018
2018,2014
2018,2018
2018,2018
2018,2018
2018,2018
2018,2017
2018,2018
2018,2018
2018,2017
2018,2018
2018,2018
2018,2017
2018,2017
2018,2018
2018,2018
2018,2018
2018,2018
2018,2018
2018,2017
2018,2017
2018,2017
2018,2017
2018,2018
2018,2012
2018,2018
2018,2018
2018,1998
2018,2018
2018,2018
2018,2018
2018,2017
2018,2017
2018,2017
2018,2018
2018,2017
2018,2018
2018,2018
2018,2017
2018,2018
2018,2018
2018,2018
2018,2015
2018,2018
2018,2018
2018,2018
2018,2018
2018,2018
2018,2018
2018,2018
2018,2018
2018,2018
2018,2018
2018,2014
2018,2016
2018,2018
2018,2018
2018,2018
2018,2018
2018,2018
2018,2011
2018,2011
2018,2008
2018,2016
2018,2000
2018,2010
2018,2014
2018,2014
2018,2010
2018,2012
2018,2009
2018,2016
2018,2010
2018,2006
2018,2012
2018,2015
2018,2012
2018,2011
2018,2005
2018,2018
2018,2018
2018,2017
2018,2018
2018,2018
2018,2018
2018,2018
2018,2005
2018,2012
2018,2007
2018,2017
2018,2018
2018,2018
2018,2018
2018,2018
2018,2018
2018,2018
2018,2018
2018,2018
2018,2018
2018,2018
2018,2018
2018,2018
2018,2018
2018,2018
2018,2018
2018,2018
2018,2018
2018,2018
2018,2018
2018,2018
2018,2018
2018,2018
2018,2018
2018,2018
2018,2018
2018,2018
2018,2018
2018,2017
2018,2018
2018,2018
2018,2018
2018,2018
2018,2018
2018,2018
2018,2018
2018,2018
2018,2013
2018,2012
2018,2012
2018,2012
2018,2018
2018,2006
2018,2013
2018,2003
2018,2013
2018,2018
2018,2010
2018,2018
2018,2007
2018,2017
2018,2015
2018,2010
2018,2017
2018,2018
2018,2012
2018,2017
2018,2017
2018,2018
2018,2018
2018,2018
2018,2018
2018,2018
2018,2018
2018,2018
2018,2017
2018,2018
2018,2018
2018,2014
2018,2018
2018,2018
2018,2016
2018,2018
2018,2018
2018,2018
2018,2018
2018,2018
2018,2018
2018,2018
2018,2017
2018,2018
2018,2017
2018,2017
2018,2018
2018,2018
2018,2018
2018,2018
2018,2018
2018,2018
2018,2017
2018,2008
2018,2017
2018,2017
2018,2018
2018,2018
2018,2015
2018,2019
2018,2019
2018,2018
2018,2018
2018,2018
2018,2018
2018,2018
2018,2018
2018,2018
2018,2018
2018,2018
2018,2018
2018,2018
2018,2017
2018,2007
2018,2017
2018,2018
2018,1979
2018,2009
2018,2018
2018,2017
2018,2018
2018,2018
2018,2018
2018,2018
2018,2018
2018,2018
2018,2007
2018,2018
2018,2018
2018,2018
2018,2018
2018,2018
2018,2018
2018,2018
2018,2018
2018,2018
2018,2017
2018,2017
2018,2018
2018,2017
2018,2017
2018,2017
2018,2017
2018,2018
2018,2017
2018,2018
2018,2018
2018,2015
2018,2008
2018,2015
2018,2015
2018,2014
2018,2016
2018,2016
2018,2016
2018,2017
2018,2017
2018,2017
2018,2017
2018,2017
2018,2017
2018,2018
2018,2018
2018,2016
2018,2017
2018,2016
2018,2018
2018,2018
2018,2016
2018,2016
2018,2018
2018,2017
2018,2018
2018,2018
2018,2018
2018,2018
2018,2018
2018,2018
2018,2017
2018,2017
2018,2018
2018,2018
2018,2017
2018,2018
2018,2018
2018,2018
2018,2017
2018,2018
2018,2017
2018,2018
2018,2018
2018,2017
2018,2018
2018,2018
2018,2017
2018,2018
2018,2018
2018,2017
2018,2018
2018,2018
2018,2017
2018,1993
2018,2017
2018,2009
2018,2017
2018,2012
2018,2017
2018,2004
2018,2016
2018,2007
2018,2005
2018,2000
2018,2017
2018,2017
2018,2018
2018,2018
2018,2018
2018,2018
2018,2018
2018,2018
2018,2009
2018,2006
2018,2018
2018,2018
2018,2016
2018,2018
2018,2016
2018,2018
2018,2018
2018,2018
2018,2017
2018,2018
2018,2018
2018,2018
2018,2018
2018,2018
2018,2018
2018,2016
2018,2016
2018,2016
2018,2017
2018,2017
2018,2018
2018,2017
2018,2018
2018,2018
2018,2018
2018,2018
2018,2018
2018,2018
2018,2018
2018,2017
2018,2017
2018,2018
2018,2017
2018,2018
2018,2018
2018,2018
2018,2017
2018,2017
2018,2018
2018,2018
2018,1998
2018,2007
2018,2017
2018,2016
2018,2016
2018,2017
2018,2017
2018,2004
2018,2014
2018,2014
2018,2014
2018,2008
2018,2004
2018,2016
2018,2004
2018,2017
2018,2018
2018,2018
2018,2017
2018,2016
2018,2018
2018,2018
2018,2018
2018,2017
2018,2017
2018,2017
2018,2017
2018,2018
2018,2018
2018,2018
2018,2018
2018,2017
2018,2018
2018,2018
2018,2018
2018,2018
2018,2018
2018,2018
2018,2018
2018,2017
2018,2018
2018,2018
2018,2018
2018,2017
2018,2017
2018,2017
2018,2017
2018,2016
2018,2017
2018,1998
2018,2016
2018,2017
2018,2018
2018,2018
2018,2018
2018,2018
2018,2018
2018,2017
2018,2017
2018,2018
2018,2018
2018,2017
2018,2018
2018,2017
2018,2018
2018,2018
2018,2018
2018,2017
2018,2017
2018,2018
2018,2017
2018,2018
2018,1980
2018,1986
2018,2017
2018,2018
2018,2017
2018,2018
2018,2017
2018,2018
2018,2018
2018,2017
2018,2016
2018,2017
2018,2016
2018,2018
2018,2017
2018,2017
2018,2003
2018,2010
2018,2018
2018,2000
2018,2017
2017,2017
2017,2017
2017,2016
2017,2017
2017,2017
2017,2015
2017,2017
2017,2017
2017,2017
2017,2017
2017,2017
2017,2017
2017,2017
2017,2017
2017,2017
2017,2017
2017,2016
2017,2017
2017,2017
2017,2017
2017,2015
2017,2017
2017,2017
2017,2017
2017,2015
2017,2017
2017,2017
2017,2017
2017,2016
2017,2017
2017,1986
2017,1991
2017,2006
2017,2017
2017,2017
2017,2017
2017,2017
2017,2017
2017,2017
2017,2015
2017,2017
2017,2017
2017,2017
2017,2017
2017,2017
2017,2015
2017,2016
2017,2017
2017,2017
2017,2017
2017,2017
2017,2017
2017,2017
2017,2016
2017,2017
2017,2017
2017,2017
2017,2017
2017,2017
2017,2017
2017,2017
2017,2017
2017,2017
2017,2017
2017,2017
2017,2017
2017,2017
2017,2017
2017,2017
2017,2014
2017,2015
2017,2017
2017,2017
2017,2017
2017,2017
2017,2017
2017,2017
2017,2017
2017,2017
2017,2002
2017,2017
2017,2016
2017,2017
2017,2017
2017,2015
2017,2017
2017,1978
2017,2016
2017,2016
2017,2016
2017,2017
2017,2010
2017,2007
2017,2009
2017,2008
2017,2009
2017,2017
2017,2016
2017,2017
2017,2017
2017,2017
2017,2017
2017,2016
2017,2015
2017,2017
2017,2017
2017,2017
2017,2017
2017,2017
2017,2017
2017,2017
2017,2017
2017,2017
2017,2017
2017,2017
2017,2016
2017,2012
2017,2017
2017,2015
2017,2017
2017,1960
2017,2015
2017,2016
2017,2016
2017,2017
2017,2017
2017,2017
2017,2017
2017,2016
2017,2017
2017,2017
2017,2017
2017,2017
2017,2017
2017,2017
2017,2012
2017,2016
2017,2017
2017,2017
2017,2016
2017,2017
2017,2016
2017,2012
2017,2016
2017,2004
2017,2000
2017,2013
2017,2009
2017,2016
2017,2017
2017,2017
2017,2017
2017,2017
2017,2017
2017,2015
2017,2017
2017,2017
2017,2017
2017,2017
2017,2014
2017,2015
2017,2017
2017,2017
2017,2017
2017,2014
2017,2017
2017,2017
2017,2016
2017,2017
2017,2017
2017,2017
2017,2017
2017,2017
2017,2017
2017,2017
2017,2017
2017,2017
2017,2017
2017,2016
2017,2017
2017,2017
2017,2017
2017,2016
2017,2017
2017,2016
2017,2017
2017,2016
2017,2016
2017,2017
2017,2017
2017,1988
2017,2017
2017,2012
2017,2013
2017,2006
2017,1976
2017,1983
2017,2017
2017,2007
2017,1988
2017,1973
2017,2017
2017,2017
2017,1974
2017,1989
2017,2017
2017,2016
2017,2017
2017,2016
2017,1984
2017,2016
2017,2016
2017,2016
2017,2017
2017,2016
2017,2017
2017,2016
2017,2017
2017,2017
2017,2017
2017,2017
2017,2017
2017,2011
2017,2017
2017,2013
2017,2017
2017,2015
2017,2017
2017,2017
2017,2017
2017,2015
2017,2017
2017,2015
2017,2017
2017,2017
2017,2017
2017,2017
2017,2015
2017,2015
2017,2015
2017,2015
2017,2016
2017,2017
2017,2017
2017,2017
2017,2017
2017,2017
2017,2011
2017,2016
2017,2014
2017,2015
2017,2016
2017,2016
2017,2016
2017,2016
2017,2014
2017,2016
2017,2017
2017,2016
2017,2016
2017,2017
2017,2016
2017,2011
2017,2013
2017,2015
2017,2012
2017,2009
2017,2017
2017,2017
2017,2017
2017,2016
2017,2017
2017,2017
2017,2017
2017,2017
2017,2017
2017,2017
2017,2017
2017,2014
2017,2014
2017,2017
2017,2017
2017,2015
2017,2012
2017,2012
2017,2017
2017,2008
2017,2012
2017,2016
2017,2011
2017,2014
2017,1966
2017,2012
2017,2010
2017,2018
2017,2016
2017,1971
2017,2015
2017,2013
2017,2014
2017,1962
2017,2014
2017,2016
2017,2011
2017,2016
2017,2009
2017,2012
2017,2014
2017,1994
2017,2014
2017,2012
2017,2016
2017,2017
2017,2017
2017,2017
2017,2017
2017,2017
2017,2015
2017,2017
2017,2017
2017,2016
2017,2017
2017,2014
2017,2017
2017,2017
2017,2016
2017,2017
2017,2017
2017,2017
2017,2017
2017,2017
2017,2017
2017,2017
2017,2016
2017,2016
2017,2017
2017,2016
2017,2015
2017,2016
2017,2017
2017,2017
2017,2017
2017,2016
2017,2016
2017,2016
2017,2017
2017,2017
2017,1993
2017,2017
2017,2016
2017,2017
2017,2017
2017,2015
2017,2016
2017,2017
2017,1993
2017,2017
2017,2015
2017,2016
2017,2015
2017,1995
2017,1969
2017,1998
2017,2016
2017,2016
2017,2016
2017,2017
2017,2011
2017,2017
2017,2017
2017,2017
2017,2017
2017,2017
2017,2017
2017,2016
2017,2017
2017,2017
2017,2017
2017,2017
2017,2017
2017,2017
2017,1992
2017,1994
2017,2016
2017,2010
2017,1995
2017,2016
2017,2016
2017,2017
2017,2017
2017,2017
2017,2017
2017,2017
2017,2017
2017,2017
2017,2017
2017,2017
2017,2017
2017,2016
2017,1996
2017,1996
2017,2016
2017,2016
2017,2017
2017,2017
2017,2015
2017,2016
2017,2016
2017,2017
2017,2015
2017,2010
2017,2017
2017,2017
2017,2015
2017,2017
2017,2016
2017,2016
2017,2016
2017,2017
2017,2016
2017,2017
2017,2017
2017,2017
2017,2017
2017,2017
2017,2017
2017,2014
2017,2014
2017,2016
2017,2017
2017,2016
2017,2016
2017,2016
2017,2017
2017,2016
2017,2016
2017,2017
2017,2016
2017,2017
2017,2016
2017,2017
2017,2017
2017,2005
2017,2016
2017,2016
2017,1971
2017,2015
2017,2014
2017,2010
2017,1975
2017,2017
2017,2016
2017,2016
2017,2016
2017,2017
2017,2016
2017,2017
2017,2017
2017,2017
2017,2017
2017,2016
2017,2017
2017,2017
2017,2015
2017,2016
2017,2017
2017,2017
2017,2015
2017,2016
2017,2017
2017,1992
2017,2001
2017,2006
2017,2016
2017,2001
2017,2016
2017,2017
2017,2016
2017,2017
2017,2017
2017,2016
2017,2013
2017,2017
2017,2010
2017,2016
2017,2016
2017,2017
2017,2016
2017,2015
2017,2015
2017,2017
2017,2017
2017,2016
2017,2015
2017,2017
2017,2016
2017,2016
2017,2016
2017,2013
2017,2016
2017,2015
2017,2016
2017,2010
2017,2016
2017,2016
2017,2015
2017,2017
2017,2017
2017,2016
2017,2017
2017,2016
2017,2017
2017,1977
2017,2017
2017,2017
2017,2014
2017,2015
2017,2014
2017,2015
2017,2016
2017,2016
2017,2014
2017,2017
2017,2015
2017,2016
2017,2017
2017,2016
2017,2017
2017,2017
2017,2016
2017,2017
2017,2017
2017,2008
2017,2014
2017,2014
2017,2014
2017,2016
2017,2017
2017,2015
2017,2017
2017,2017
2017,2016
2017,2017
2017,2013
2017,2016
2017,2016
2017,2017
2017,2016
2017,2007
2017,2011
2017,1999
2017,2016
2016,2016
2016,2016
2016,2016
2016,2016
2016,2016
2016,2016
2016,2018
2016,2016
2016,2016
2016,2016
2016,2016
2016,2016
2016,2015
2016,2012
2016,2015
2016,2012
2016,2012
2016,2011
2016,2016
2016,2012
2016,2001
2016,2012
2016,2012
2016,2012
2016,2016
2016,2017
2016,2016
2016,2016
2016,2016
2016,2015
2016,2016
2016,2016
2016,2016
2016,2016
2016,2015
2016,2016
2016,2016
2016,2016
2016,2016
2016,2016
2016,2016
2016,2016
2016,2016
2016,2016
2016,2014
2016,2013
2016,2015
2016,2016
2016,2015
2016,2015
2016,2016
2016,2016
2016,1979
2016,2016
2016,2016
2016,2016
2016,2016
2016,2016
2016,2012
2016,2016
2016,2012
2016,2016
2016,2016
2016,2016
2016,2016
2016,2016
2016,2012
2016,2016
2016,2009
2016,2016
2016,2015
2016,2016
2016,2016
2016,2016
2016,2015
2016,2011
2016,2013
2016,2013
2016,2013
2016,2012
2016,2012
2016,2016
2016,2016
2016,2015
2016,2016
2016,2016
2016,2016
2016,2016
2016,2016
2016,2016
2016,2016
2016,2016
2016,2016
2016,2016
2016,2016
2016,2012
2016,2008
2016,2010
2016,2015
2016,2006
2016,2015
2016,2008
2016,2016
2016,2016
2016,2016
2016,2016
2016,2016
2016,2016
2016,2016
2016,2016
2016,2015
2016,2015
2016,2016
2016,2015
2016,2014
2016,2010
2016,2014
2016,2012
2016,2016
2016,2015
2016,2015
2016,2016
2016,2015
2016,2016
2016,2016
2016,2015
2016,2015
2016,2016
2016,2013
2016,2015
2016,2016
2016,2016
2016,2016
2016,2016
2016,2016
2016,2016
2016,2016
2016,2016
2016,2016
2016,2016
2016,2016
2016,2016
2016,2010
2016,2016
2016,2012
2016,2016
2016,2016
2016,2016
2016,2016
2016,2015
2016,2008
2016,2011
2016,2016
2016,2010
2016,2015
2016,2016
2016,2016
2016,2016
2016,2016
2016,2001
2016,2015
2016,2015
2016,2010
2016,2005
2016,2009
2016,2012
2016,2014
2016,2016
2016,2011
2016,1994
2016,2005
2016,2008
2016,2008
2016,2016
2016,2008
2016,2016
2016,2016
2016,2016
2016,2016
2016,2016
2016,2015
2016,2016
2016,2016
2016,2016
2016,2016
2016,2015
2016,2016
2016,2016
2016,2016
2016,2015
2016,2016
2016,2016
2016,2016
2016,2016
2016,2016
2016,2016
2016,2016
2016,2016
2016,2016
2016,2016
2016,2016
2016,2015
2016,2007
2016,2012
2016,2016
2016,2016
2016,2015
2016,2016
2016,2016
2016,2016
2016,2016
2016,2014
2016,2016
2016,2015
2016,2016
2016,2016
2016,2016
2016,2016
2016,2012
2016,2016
2016,2016
2016,2008
2016,2010
2016,2016
2015,2015
2015,2014
2015,2015
2015,2015
2015,2015
2015,2015
2015,2015
2015,2015
2015,2015
2015,2015
2015,2015
2015,2015
2015,2015
2015,2015
2015,2015
2015,2015
2015,2015
2015,2015
2015,2015
2015,2014
2015,2015
2015,2014
2015,2015
2015,2015
2015,2015
2015,2015
2015,2015
2015,2014
2015,2015
2015,2015
2015,2015
2015,2015
2015,1992
2015,2014
2015,2015
2015,2015
2015,2015
2015,2015
2015,2011
2015,2015
2015,2015
2015,2015
2015,2015
2015,2015
2014,2014
2014,2014
2014,2014
2014,1998
2014,2014
2014,2014
2014,2014
2014,2014
2014,2014
2014,2014
2014,2014
2014,2014
2014,2013
2014,2013
2014,2014
2014,2013
2013,2013
2013,2013
2013,2013
2013,2007
2013,2013
2012,2011
2011,1988
2011,1986
2011,1986
2011,1990
2011,1988
2011,1987
2011,1989
2011,1988
2011,1991
2011,1990
2011,1991
2011,2000
2011,2010
2009,2009
2009,2007
2008,2006
2017,2009
2020,2008
2019,1997
2019,2019
2017,2008
2019,2014
2019,2018
2018,2018
2019,2019
2018,2017
2018,2018
2018,2017
2018,2017
2016,2015
2020,2020
2019,2018
2019,2016
2018,2017
2017,2010
2018,2005
2017,2013
2017,2014
2017,2017
2019,2008
2018,2018
2018,2016
2019,2017
2019,2017
2017,2014
2016,2015
2019,2014
2017,2017
2019,2010
2018,2018
2019,2006
2021,2009
2020,2019
2019,2018
2018,2013
2017,2015
2018,2018
2019,2016
2019,2013
2018,2018
2018,2016
2018,2017
2018,2018
2018,2017
2020,2000
2019,2003
2017,2015
2019,2016
2019,2018
2019,2016
2021,2011
2019,1989
2018,2017
2016,2015
2019,2017
2017,2014
2020,2004
2019,2011
2018,2012
2018,2017
2017,2014
2019,2017
2019,2019
2019,2018
2017,2016
2020,2017
2018,2016
2018,2016
2020,1977
2020,1971
2018,1993
2016,2015
2019,2016
2017,2016
2018,2012
2017,2013
2017,2017
2020,2013
2019,2019
2019,2011
2017,2016
2018,2018
2019,2010
2019,2012
2018,2014
2017,2014
2018,2017
2019,1998
2016,2015
2017,2015
2019,2013
2020,2011
2013,2011
2017,2016
2019,2011
2018,2009
2017,2015
2019,2015
2020,1996
2020,2012
2020,2002
2018,2008
2018,2017
2018,2018
2017,2015
2020,2019
2019,2018
2018,2011
2018,2017
2018,2013
2019,2011
2017,2010
2018,2010
2017,2015
2019,2012
2018,2016
2016,2012
2019,2002
2016,2015
2017,2016
2019,2015
2019,2007
2020,2012
2018,2010
2020,2018
2018,2018
2020,2014
2019,2013
2019,2017
2018,2018
2016,2013
2019,2012
2018,2018
2020,2008
2018,2012
2019,2018
2019,2017
2017,2010
2017,2015
2019,2006
2018,2012
2019,2014
2017,2015
2018,2004
2019,2017
2017,2016
2018,2018
2019,1974
2018,2017
2018,2018
2017,2016
2019,2018
2020,1989
2019,2019
2017,2016
2019,2018
2018,2006
2019,2018
2019,2016
2019,2001
2019,2013
2020,2014
2020,2014
2018,2017
2020,2019
2017,2015
2019,1977
2019,2011
2019,2014
2017,2016
2020,2017
2020,1999
2018,2017
2017,2017
2017,2017
2019,2018
2019,2018
2019,2019
2019,2014
2019,1998
2019,2016
2019,2018
2016,2015
2019,2000
2019,2019
2018,2015
2017,2013
2018,1986
2018,1991
2018,1999
2018,2000
2019,2012
2017,2012
2019,2018
2019,2014
2017,2017
2019,2017
2019,2018
2018,2015
2020,2001
2019,2003
2017,2015
2018,2018
2018,2018
2017,2013
2017,2016
2017,2016
2019,2018
2019,2017
2019,2018
2019,2018
2019,2007
2019,2017
2016,2016
2019,2011
2017,2015
2017,2015
2019,2018
2018,2011
2019,2011
2020,2011
2018,2014
2020,1997
2019,2019
2018,2016
2016,2016
2018,2018
2018,2012
2017,2016
2016,2014
2018,2016
2019,1994
2017,2016
2017,2014
2018,2018
2018,2017
2019,2016
2018,2013
2018,2005
2019,2006
2018,2016
2017,2016
2017,2014
2019,2019
2018,2015
2019,1995
2019,2003
2018,2017
2017,2016
2017,2013
2018,2006
2020,2019
2017,2016
2018,1995
2018,2001
2018,2004
2018,2017
2017,2015
2019,2017
2016,2015
2018,2010
2018,2016
2018,2002
2018,2009
2018,2015
2019,2009
2017,2017
2017,2013
2017,2010
2017,2015
2017,2015
2017,2016
2017,2010
2017,2011
2017,2016
2017,2012
2017,2017
2018,2015
2018,2013
2018,1995
2018,1998
2020,1992
2017,2016
2018,2017
2019,2018
2015,2015
2016,2016
2019,1972
2019,1982
2017,2015
2019,2016
2018,2018
2017,2013
2018,1997
2017,2013
2019,2010
2017,2015
2016,2016
2019,2016
2019,1996
2019,1992
2018,2008
2019,2016
2019,2007
2019,2008
2018,2016
2017,2015
2018,2017
2018,2015
2017,2010
2017,2016
2016,2015
2017,2016
2018,2016
2019,2019
2018,2004
2018,1978
2017,2012
2019,2019
2019,2014
2017,2017
2019,2005
2019,2010
2017,2009
2017,2013
2018,2018
2018,2013
2017,2015
2019,2006
2019,2018
2017,2007
2019,2003
2017,2017
2016,1997
2018,2017
2020,1999
2020,2002
2019,2018
2018,2017
2017,2017
2019,2002
2017,2010
2019,2000
2019,2018
2018,2017
2018,2015
2018,2018
2018,2017
2017,2016
2019,2018
2020,2012
2019,2019
2019,2001
2018,2014
2016,2015
2018,2018
2017,2017
2019,2007
2017,2017
2020,2013
2017,2015
2020,2018
2020,2016
2017,2015
2018,2017
2018,2016
2020,2016
2019,2001
2016,2013
2019,2013
2016,2016
2018,2017
2019,2013
2021,1999
2018,2010
2017,2017
2019,2018
2016,1991
2015,2015
2018,2017
2019,1973
2018,2018
2017,2016
2017,2017
2018,2008
2018,2017
2016,2015
2021,1967
2018,2003
2019,2016
2017,2017
2017,2016
2019,2013
2020,2017
2017,2013
2019,2016
2019,2018
2020,2007
2018,2013
2017,2016
2020,2014
2017,2015
2018,2018
2018,2005
2017,2017
2019,2015
2018,2009
2018,2017
2016,2016
2017,2016
2017,2017
2017,2017
2018,2013
2019,2018
2018,2016
2019,2018
2018,2017
2019,2010
2017,2017
2019,2018
2017,2017
2019,1960
2017,2016
2019,2016
2018,2017
2018,2014
2017,2016
2019,2009
2019,2018
2017,2015
2018,2018
2018,2017
2018,2017
2016,2016
2017,2014
2017,2016
2018,2017
2019,2014
2017,2014
2017,2012
2021,1998
2019,1992
2016,2016
2020,2019
2018,2017
2018,2016
2019,2012
2019,2008
2020,2015
2019,1976
2019,2009
2012,2012
2019,2015
2020,2006
2018,1992
2018,1992
2018,2015
2019,1958
2016,2015
2019,2010
2019,2018
2017,2016
2017,2012
2020,2000
2018,2014
2018,2010
2019,2000
2018,2017
2017,2010
2020,2018
2019,2016
2018,2017
2020,2005
2019,2003
2019,1973
2017,2013
2020,1997
2018,2017
2017,2016
2017,2015
2017,2016
2018,2012
2016,1999
2019,2018
2019,2018
2019,2018
2019,2019
2018,2017
2016,2005
2019,2018
2019,1988
2016,1994
2018,2017
2017,2017
2018,2012
2020,1968
2020,2009
2017,2017
2019,2014
2018,2018
2019,2012
2019,2015
2019,2004
2019,2018
2018,2006
2017,2017
2019,2017
2019,1975
2018,2009
2017,2016
2020,2002
2017,2016
2018,2018
2019,2019
2019,2010
2018,1993
2018,2018
2017,2012
2019,1973
2020,2006
2017,2017
2019,2017
2017,2013
2017,2012
2017,2014
2020,2008
2019,2015
2018,2016
2019,2017
2018,2016
2018,2016
2018,2016
2020,2005
2019,2007
2017,2017
2019,2017
2020,1999
2017,2016
2018,2015
2018,2008
2019,2016
2018,2018
2017,2017
2018,2002
2018,2016
2018,2018
2017,2016
2018,2013
2018,2014
2018,2017
2019,2014
2019,2008
2019,2014
2018,2018
2021,1967
2017,2017
2017,2016
2017,2009
2018,2018
2019,2017
2016,2016
2019,2004
2019,2016
2019,2017
2019,2000
2017,2017
2018,2013
2018,2015
2019,2015
2018,1989
2019,2003
2019,2019
2016,2015
2018,2017
2018,2015
2018,2013
2017,2013
2018,2017
2017,2016
2018,2016
2017,2015
2019,1997
2018,2015
2017,2016
2019,2016
2018,2015
2019,2003
2018,2015
2017,2016
2017,1991
2018,2017
2018,2017
2018,2017
2019,2018
2018,2015
2019,2018
2019,2006
2019,2018
2020,2016
2019,2016
2016,2012
2019,2011
2020,2010
2019,2017
2018,2017
2018,2017
2017,2016
2020,2002
2017,2016
2018,2018
2016,2014
2020,2018
2017,1992
2020,2018
2018,2017
2019,2017
2017,2016
2019,2019
2017,2016
2020,2017
2018,2017
2018,2004
2019,2007
2019,2018
2017,2017
2017,2017
2016,2015
2019,2002
2018,2002
2008,2007
2020,2010
2017,2016
2018,1985
2017,2017
2018,2017
2019,2009
2019,2017
2019,1965
2016,2016
2019,2019
2019,2014
2019,2019
2018,2015
2020,2015
2019,2010
2020,2015
2020,2016
2020,2017
2019,2016
2017,2016
2017,2016
2020,1997
2020,2005
2019,2013
2018,1989
2019,2008
2018,2017
2019,2003
2019,2018
2020,1996
2020,2015
2020,2000
2017,2017
2019,2018
2016,2016
2018,2017
2017,2017
2018,2017
2019,2018
2019,2015
2017,2015
2016,2014
2018,2003
2019,2003
2019,2016
2019,2014
2020,2014
2017,2015
2018,2018
2020,2015
2020,2010
2016,2009
2019,2010
2018,1983
2018,2018
2017,2015
2018,2009
2019,2004
2018,2012
2018,2008
2018,2010
2017,1979
2017,2017
2017,2010
2017,2017
2017,2016
2018,2006
2017,2016
2020,2019
2017,2014
2018,2015
2017,2016
2016,2015
2018,2016
2018,2016
2018,2016
2018,2017
2018,2014
2020,2006
2018,2018
2019,2002
2019,2016
2019,2012
2018,2018
2018,2013
2017,2016
2018,2018
2021,1973
2018,2015
2019,2002
2019,1990
2018,1985
2017,2016
2018,2018
2019,2018
2019,2019
2019,2007
2020,1997
2020,2019
2019,2019
2017,2014
2019,2001
2018,2015
2017,2011
2017,2008
2019,1996
2016,2013
2019,2012
2019,2001
2019,2019
2017,2006
2017,2010
2017,2011
2017,2014
2016,2009
2018,2017
2018,2017
2017,2009
2019,2015
2018,2011
2020,2019
2019,1998
2019,2017
2016,2015
2019,2019
2018,2014
2019,2017
2018,2016
2019,1998
2017,2015
2017,2017
2020,1971
2015,2015
2016,2008
2016,2016
2017,2015
2018,2017
2018,2015
2020,2000
2020,2003
2020,2006
2017,2016
2019,2013
2019,2018
2019,2017
2017,2016
2018,2017
2018,2015
2020,2019
2019,1982
2017,2008
2019,2016
2018,2018
2019,2016
2018,1978
2018,2017
2017,2017
2017,2011
2017,2015
2020,2010
2016,2015
2019,2012
2019,2019
2019,2018
2018,1977
2018,2017
2017,2017
2019,1956
2017,2016
2018,2018
2017,2016
2017,2011
2019,2011
2021,2008
2016,2016
2019,1994
2019,2007
2017,2012
2020,2018
2021,2007
2020,1993
2017,2015
2019,2016
2016,2015
2020,2019
2020,2009
2018,2016
2019,2017
2020,2010
2018,2016
2016,2011
2016,2011
2016,2011
2019,2008
2016,2015
2018,2016
2019,2019
2019,2017
2019,2009
2018,2017
2018,2018
2017,2013
2018,2017
2016,2009
2017,2014
2019,2002
2016,2013
2018,2009
2018,2011
2018,2016
2017,2016
2018,2018
2018,2017
2017,2015
2017,2016
2016,2016
2016,2003
2017,2011
2020,2010
2014,2014
2018,2017
2019,2008
2019,2005
2019,1990
2017,2017
2019,2013
2020,2007
2019,2014
2019,2012
2019,2013
2019,1997
2018,2005
2019,1958
2018,2012
2019,2013
2017,2012
2017,2010
2019,2018
2018,2016
2017,2017
2020,2014
2018,2018
2018,2017
2019,1979
2017,2013
2019,1995
2020,2019
2018,2016
2019,2006
2019,2018
2017,2015
2017,2016
2017,2014
2020,2019
2019,2012
2019,2005
2017,2014
2021,1990
2018,2017
2017,2011
2019,2018
2019,2001
2021,2003
2017,2015
2020,2008
2019,2017
2018,2013
2019,2017
2019,1978
2017,2017
2018,2015
2018,2016
2018,2016
2017,2016
2017,2015
2019,2015
2018,2015
2017,2013
2017,2013
2018,2016
2018,2010
2018,2014
2020,2007
2017,2009
2016,2015
2018,2000
2019,1987
2019,2017
2020,2017
2018,2013
2020,2015
2018,2017
2017,2013
2018,2017
2017,2014
2016,2015
2017,2015
2020,2015
2019,2005
2019,2008
2020,2004
2018,2015
2019,2014
2018,2010
2017,2017
2017,2015
2017,2016
2018,1999
2017,2015
2018,2017
2019,2018
2019,2017
2017,2016
2020,2011
2018,2015
2019,2018
2019,2018
2018,1998
2019,2017
2019,2001
2018,2017
2018,2018
2019,2016
2018,2015
2018,2015
2019,2016
2018,2004
2018,2013
2019,2018
2019,1976
2017,2016
2018,1997
2019,2018
2020,2017
2017,2015
2018,2010
2017,2016
2017,2015
2017,2016
2017,2015
2017,2010
2017,2015
2018,2017
2019,2016
2020,2005
2016,2016
2017,2017
2017,2015
2017,2016
2017,2006
2016,2015
2016,2016
2016,2016
2018,2008
2018,2010
2018,2017
2019,2019
2019,2011
2018,2018
2018,2011
2018,2018
2018,2018
2019,2017
2018,2015
2019,2013
2019,2016
2019,2013
2017,2016
2018,2017
2018,2017
2016,2016
2017,2016
2019,2007
2017,2017
2019,1975
2019,2018
2020,2012
2018,2016
2017,2016
2018,2017
2017,2000
2019,2017
2019,1997
2016,2015
2018,2018
2018,1995
2016,2016
2018,2012
2020,2009
2018,1999
2017,2006
2016,2011
2018,2014
2020,2010
2019,2015
2019,2015
2017,2016
2018,2018
2019,2005
2018,2018
2017,2016
2019,2010
2017,2016
2017,2017
2019,2018
2017,2016
2017,2016
2017,2015
2018,2018
2019,2016
2019,2011
2019,2017
2018,2014
2019,2016
2019,2015
2017,2013
2019,2019
2017,2016
2018,2014
2018,2010
2018,2014
2019,2008
2013,2013
2019,2009
2019,1974
2017,2012
2018,2017
2018,2017
2017,2014
2018,2019
2017,2017
2018,2017
2017,2015
2019,2018
2017,2014
2017,2015
2019,2008
2019,1989
2019,1981
2019,1984
2017,2016
2018,2013
2018,2016
2019,2009
2019,2008
2018,2005
2018,2017
2019,2015
2019,2017
2018,2018
2020,2013
2017,2007
2016,2016
2018,2015
2017,2004
2017,2003
2017,2002
2019,2009
2019,2018
2018,2017
2018,2006
2018,2010
2019,2018
2014,2014
2020,2011
2018,2015
2017,2014
2018,2015
2018,2013
2019,1995
2019,2012
2016,2015
2019,2017
2016,2014
2018,2018
2019,2006
2017,2013
2019,2018
2013,2016
2019,1997
2018,2015
2019,2009
2017,2014
2017,2013
2018,2012
2017,2016
2017,2008
2019,2001
2019,1973
2020,2019
2016,2015
2017,2008
2019,2014
2019,2018
2018,2016
2017,2009
2019,1973
2019,2017
2019,2011
2019,1960
2017,2017
2016,2005
2019,2012
2019,2013
2018,2017
2019,2018
2016,2015
2018,2017
2017,2015
2017,2016
2019,1997
2019,2011
2018,2017
2021,2009
2020,2011
2019,2005
2019,2015
2019,2005
2018,1992
2018,2011
2016,2012
2019,2002
2016,2013
2017,2017
2018,2015
2019,1981
2018,2017
2017,2016
2017,2016
2017,2014
2017,2010
2018,2016
2018,2017
2018,2017
2017,2008
2020,2001
2019,1982
2018,2006
2018,2017
2018,2005
2017,1990
2017,2014
2017,1996
2018,2011
2018,2013
2018,2010
2019,2017
2019,2017
2018,1993
2018,2018
2017,2013
2018,2006
2018,2011
2019,1980
2018,2003
2019,2018
2018,2017
2016,2016
2019,1995
2019,2015
2017,2015
2020,2003
2020,2004
2017,2016
2019,2015
2017,2016
2020,2011
2020,1988
2021,2010
2018,2016
2019,2014
2016,2015
2019,2005
2018,2018
2020,1996
2018,2017
2017,2015
2020,1997
2019,2016
2019,2017
2017,2013
2020,2015
2017,1945
2019,2009
2017,2016
2018,2014
2019,2012
2019,1972
2017,2014
2017,2009
2017,2013
2017,2016
2017,2012
2017,2017
2017,2017
2017,2010
2017,2013
2018,2015
2019,2019
2015,2013
2019,2017
2019,2017
2020,2004
2018,2010
2012,2010
2017,2017
2018,2017
2019,1998
2016,2014
2017,2012
2018,2000
2018,2017
2018,2004
2017,2016
2018,2017
2020,1987
2017,2016
2017,2016
2018,2017
2019,2010
2019,2016
2018,2016
2018,2011
2017,2016
2019,2006
2019,2018
2018,2015
2018,2010
2017,2011
2017,2017
2017,2015
2020,2019
2019,2015
2019,2010
2018,2017
2019,2014
2019,2010
2020,2003
2020,2011
2020,2011
2020,2011
2020,2018
2018,2017
2018,2014
2020,2010
2018,2017
2018,1982
2019,2017
2019,2010
2019,2018
2018,2018
2019,2016
2018,2017
2015,2013
2017,2016
2017,1946
2017,2014
2019,2018
2019,2014
2018,2014
2019,2018
2015,2009
2016,2014
2019,2018
2018,1997
2019,2018
2019,1992
2016,2015
2018,2012
2019,2013
2019,1990
2018,1983
2018,2015
2018,2016
2018,2016
2017,2016
2020,2000
2018,2018
2019,2019
2019,2019
2017,2016
2017,2017
2016,2014
2016,2016
2019,2017
2017,2013
2019,1998
2018,2013
2020,2012
2017,2017
2019,1976
2019,1962
2017,2015
2017,2017
2018,1990
2016,2015
2017,2015
2018,2015
2017,2017
2018,2012
2017,2017
2016,2015
2020,2019
2018,2010
2018,2017
2018,1994
2018,2012
2018,2016
2019,2018
2019,2011
2019,2015
2019,2013
2019,2014
2017,2016
2018,2006
2018,1995
2018,2016
2016,2010
2017,2005
2019,2018
2016,2015
2018,2017
2018,2017
2016,2012
2017,2014
2020,1979
2019,2008
2010,1987
2018,2016
2017,2016
2018,2017
2017,2016
2019,2017
2016,2016
2015,2013
2020,2018
2017,2016
2018,2013
2017,2015
2017,2014
2018,2010
2018,1981
2016,2013
2019,2005
2018,1989
2018,2017
2019,2018
2018,2013
2018,2015
2018,2018
2020,1983
2018,2017
2017,2014
2018,2016
2017,2014
2018,2017
2020,1999
2017,2017
2017,2017
2019,2017
2020,2016
2018,2018
2016,2016
2017,2016
2020,2019
2018,1986
2019,2002
2018,2017
2018,2016
2015,2014
2014,2013
2018,2017
2019,2018
2019,2016
2019,1983
2018,2016
2018,2017
2018,2006
2017,2013
2018,2014
2019,2017
2017,2016
2018,2017
2018,1988
2017,2016
2019,2016
2019,1973
2018,2017
2019,1985
2017,2017
2019,2013
2019,2012
2018,2017
2019,2016
2018,2003
2018,2017
2019,2018
2019,1997
2019,2002
2017,2016
2019,2009
2018,2018
2016,2015
2019,2018
2017,2016
2018,2009
2019,2015
2019,2016
2019,2018
2020,2016
2016,1996
2017,2008
2018,2017
2018,2013
2018,2004
2020,2012
2017,2016
2018,2015
2017,2015
2015,2014
2017,2017
2017,2011
2016,2015
2017,2015
2016,2016
2017,2017
2019,2018
2017,2014
2018,2015
2017,2016
2018,2017
2018,2015
2019,2019
2020,2017
2017,2014
2019,2003
2017,2016
2019,2015
2019,1997
2017,2014
2016,2016
2019,2017
2018,2017
2018,2013
2015,2015
2018,2012
2018,2014
2018,2013
2018,2011
2018,2014
2018,2012
2017,2016
2018,2015
2017,2010
2015,2013
2018,2013
2020,2012
2020,2005
2019,2013
2019,2011
2020,2009
2019,2016
2017,2015
2017,2015
2018,2016
2018,2013
2018,2011
2017,2016
2018,2017
2019,2013
2018,2016
2020,2002
2017,2015
2018,1984
2019,2007
2019,2012
2021,2012
2019,2004
2018,2014
2020,2014
2018,2007
2018,2017
2019,1962
2018,2010
2018,2005
2018,2017
2019,2013
2018,2016
2017,2015
2017,2015
2019,2017
2017,2016
2017,2017
2015,2015
2014,2014
2019,2013
2018,2001
2017,2015
2019,2009
2019,2013
2018,2012
2019,2011
2019,2014
2018,1999
2018,2017
2019,2006
2017,2016
2018,2017
2020,2016
2019,1982
2017,2016
2017,2011
2017,2017
2017,2016
2019,1993
2018,2016
2018,2004
2018,2016
2016,2016
2016,2015
2018,2018
2017,2016
2017,2016
2015,2009
2015,2009
2017,2016
2017,1945
2017,2016
2019,2018
2020,2004
2017,2016
2019,2007
2018,2017
2020,2018
2019,2013
2020,2014
2019,2008
2018,1981
2016,1997
2018,2005
2018,2018
2019,2007
2016,2016
2020,2020
2020,2019
2019,2019
2017,2004
2018,2017
2019,2017
2019,2018
2019,2017
2019,2017
2019,2017
2019,2017
2019,2018
2019,2017
2019,2017
2019,2018
2019,2017
2019,2017
2019,2017
2019,2017
2019,2017
2019,2018
2019,2017
2019,2018
2019,2018
2019,2012
2020,2017
2019,1995
2018,2016
2018,2009
2016,2016
2018,2018
2017,2012
2018,2015
2016,2011
2017,2016
2018,2013
2018,2013
2018,2016
2018,2016
2018,2014
2019,2009
2019,2018
2019,1960
2019,2007
2019,2004
2018,2017
2016,2015
2017,2016
2018,2011
2018,2012
2018,2015
2017,2017
2016,2013
2018,2018
2019,2012
2018,1983
2018,2017
2018,2016
2018,2018
2018,2018
2018,2018
2018,2018
2020,2019
2019,1968
2018,2016
2019,2013
2017,2017
2019,2018
2018,2017
2017,2016
2019,2018
2018,2013
2018,2015
2019,2006
2018,2016
2019,2016
2017,2016
2020,2018
2020,2012
2016,2012
2018,2018
2017,2016
2018,1984
2018,2017
2017,2017
2017,2014
2019,2019
2020,2018
2018,2017
2019,2018
2019,2006
2018,2015
2017,2016
2019,2007
2018,2017
2018,2007
2016,2016
2018,2007
2019,2002
2018,2016
2018,1988
2020,2011
2016,2015
2016,2015
2019,2002
2017,2000
2019,2018
2020,2007
2018,1997
2018,2017
2017,1990
2017,2003
2021,1992
2017,2011
2018,2017
2020,1992
2017,2014
2020,2009
2018,2016
2019,2010
2018,2009
2018,2013
2014,1988
2017,2016
2019,2006
2016,2016
2017,2016
2019,2017
2019,2007
2019,2016
2017,2016
2018,2018
2019,2018
2017,2015
2019,1993
2018,2015
2018,2009
2019,2012
2019,2017
2020,2018
2019,2018
2018,2017
2017,1946
2018,2002
2018,1998
2019,2018
2017,2016
2015,2006
2020,2010
2018,2016
2020,1986
2017,1980
2019,2018
2019,2018
2019,1980
2019,2018
2018,2016
2019,2018
2018,2010
2017,2016
2015,2015
2016,2016
2016,2004
2016,1998
2016,2008
2016,2000
2016,1999
2016,2006
2016,2003
2016,2007
2016,2009
2016,2005
2016,2011
2016,2011
2016,2011
2016,2011
2016,2014
2016,2014
2016,2012
2016,2012
2016,2012
2016,2001
2016,1997
2016,2002
2016,1996
2016,2013
2016,2013
2016,2013
2017,2013
2017,1942
2018,2013
2016,2015
2019,1996
2018,1984
2020,2017
2018,2017
2019,2018
2017,2011
2019,2019
2018,2016
2018,2000
2019,1994
2017,2014
2017,2012
2017,2011
2020,2019
2016,2015
2020,2008
2016,2009
2019,2015
2018,2017
2018,2018
2018,2008
2017,2012
2019,2009
2019,2008
2017,2013
2017,2015
2019,1980
2018,2015
2016,2015
2017,2016
2017,1996
2019,1974
2019,2018
2019,1985
2018,2012
2019,2018
2019,2005
2019,2018
2018,2010
2018,2017
2016,2016
2017,2015
2019,2011
2017,2011
2018,2015
2019,1955
2017,2004
2019,2018
2017,2016
2017,2016
2019,1984
2018,2017
2018,2017
2017,2016
2019,2015
2016,2012
2017,2015
2018,2015
2020,2010
2020,2017
2020,2014
2020,2010
2018,2017
2017,2016
2018,1980
2017,2016
2019,2017
2018,2014
2018,2017
2019,2008
2016,2012
2019,2016
2019,2008
2018,2015
2017,2017
2017,2013
2018,2010
2017,2011
2019,2010
2016,2015
2018,2016
2019,2018
2016,1985
2019,1976
2019,1979
2019,1982
2019,1985
2019,1990
2017,2017
2019,2014
2019,2018
2017,2015
2017,2014
2018,2015
2019,2017
2019,2012
2019,2016
2017,2016
2019,1968
2019,1998
2017,2004
2018,2017
2017,2016
2019,1995
2019,2005
2018,2004
2020,1999
2019,2018
2019,2018
2015,2015
2013,2013
2013,2013
2017,2016
2017,2016
2021,2003
2019,1982
2017,2013
2017,2014
2017,2016
2019,1983
2016,2014
2017,2016
2020,2012
2017,2016
2018,2016
2018,2007
2019,2014
2018,2017
2018,2017
2019,2013
2018,2018
2019,2018
2017,1945
2018,2008
2019,1964
2017,2014
2015,2010
2019,2010
2017,2015
2017,2016
2018,2005
2018,2017
2019,2008
2019,2018
2017,2014
2018,2012
2019,1982
2020,2017
2017,2017
2019,2018
2018,2015
2019,2013
2020,2019
2018,2014
2020,2017
2020,1955
2020,2000
2020,2013
2018,1993
2020,1988
2019,1998
2018,2010
2019,1997
2019,2000
2020,2012
2020,1993
2019,2012
2019,2011
2018,2007
2017,2014
2018,2015
2017,2013
2017,2013
2017,2013
2017,2014
2017,2013
2017,2013
2017,2014
2017,2013
2017,2014
2017,2014
2017,2012
2019,2010
2018,2017
2017,2015
2020,2011
2021,2010
2021,2008
2017,2016
2017,1999
2019,2019
2017,2016
2018,2011
2019,1986
2018,2002
2018,2012
2018,2002
2018,2002
2019,2011
2018,2008
2020,2019
2017,2010
2017,2017
2021,2009
2019,1990
2018,2016
2018,2018
2018,2017
2018,2016
2019,2013
2019,2009
2017,2016
2018,2017
2018,2004
2019,2017
2020,2008
2018,2014
2018,2018
2019,2012
2017,2016
2017,2015
2017,2008
2017,2013
2018,2015
2018,2017
2019,2017
2020,2016
2016,2015
2018,2014
2016,2016
2018,2016
2019,2016
2017,2016
2018,2014
2019,2010
2017,2015
2020,2004
2019,1996
2020,1993
2018,2018
2018,2015
2019,1998
2019,2008
2017,2017
2015,2015
2020,2016
2018,2005
2019,2018
2019,2013
2018,1991
2019,2018
2019,2018
2018,2009
2017,2017
2019,2003
2018,2014
2016,2016
2019,2016
2020,2011
2019,2019
2016,2016
2020,2014
2019,1976
2017,2017
2020,2019
2019,2007
2019,2018
2019,2018
2020,2015
2021,2012
2020,2018
2019,2001
2019,2002
2019,2003
2016,2015
2019,2018
2019,2019
2018,2015
2017,2015
2018,2017
2015,2014
2019,2013
2016,2015
2016,2006
2019,2008
2019,2018
2018,2017
2018,2010
2018,2010
2018,2015
2017,2010
2019,2017
2017,2014
2015,2014
2019,2015
2017,2017
2020,2020
2020,2019
2020,2006
2016,2015
2020,1992
2017,2016
2019,1981
2021,1996
2019,2017
2017,2016
2019,2018
2020,2002
2019,2019
2015,2015
2018,2011
2018,2018
2016,2014
2017,2014
2019,2018
2020,2019
2016,2015
2017,2014
2019,2019
2019,2018
2018,2017
2018,2014
2020,2020
2021,2007
2019,1972
2019,2006
2017,2016
2019,1999
2018,2016
2020,2020
2018,2017
2018,2017
2017,2016
2019,1977
2018,2018
2020,2007
2019,2017
2019,2016
2017,2016
2018,1980
2019,2010
2018,1999
2018,2008
2019,2011
2019,1993
2017,2014
2018,2015
2018,1999
2017,2005
2019,2013
2019,2016
2017,2017
2018,2010
2017,2016
2019,2007
2020,1991
2020,1990
2018,2010
2016,2016
2018,2017
2019,2015
2017,2010
2020,2003
2020,2009
2016,2015
2018,2017
2017,2016
2017,2012
2018,2015
2019,2019
2019,2018
2019,2016
2018,2016
2019,2018
2018,2015
2017,2010
2017,2016
2020,2005
2019,2011
2018,2007
2018,2016
2021,1995
2020,2005
2020,2019
2020,2019
2019,2010
2017,2015
2018,2013
2020,2000
2020,2016
2018,2016
2019,2009
2018,2017
2018,2015
2017,2016
2018,1993
2019,2018
2017,1942
2017,2012
2016,2016
2019,2011
2019,2015
2018,2018
2017,2016
2019,2015
2019,2016
2015,2001
2017,2016
2019,2011
2019,2010
2017,2015
2019,2010
2019,2009
2020,2016
2019,2008
2019,2007
2019,2019
2018,2017
2019,2006
2019,2017
2019,2005
2019,2007
2019,2013
2018,1983
2019,2017
2020,2019
2018,2017
2019,2018
2018,2014
2020,1977
2018,2017
2017,2017
2019,2017
2019,2016
2017,2016
2019,2017
2019,2010
2017,2016
2016,2015
2019,2013
2019,2016
2019,1965
2018,2011
2018,2010
2019,2018
2019,2016
2019,2013
2019,2011
2020,1996
2019,2013
2019,1994
2019,1970
2020,1992
2019,2016
2017,2015
2018,2009
2018,2011
2019,1982
2019,2018
2018,2016
2017,2015
2019,2017
2021,2006
2018,2017
2019,2017
2018,2017
2019,2012
2019,2013
2019,2018
2018,2015
2018,2009
2017,2016
2018,2011
2019,2016
2020,2005
2020,2007
2017,2015
2018,2016
2018,2015
2018,2017
2020,1981
2019,2016
2017,2016
2017,2012
2016,2015
2018,2018
2019,2010
2019,2009
2020,2009
2016,2014
2019,2019
2019,1996
2017,2016
2018,1978
2019,1994
2019,2000
2018,1975
2019,2008
2018,2017
2020,2017
2017,2014
2020,2016
2017,2016
2020,2013
2016,2007
2018,2003
2019,2018
2020,2019
2021,2011
2017,2016
2019,2018
2018,2017
2016,2016
2019,2009
2018,2014
2018,2015
2018,2015
2018,2014
2019,2018
2018,2018
2019,1979
2019,2005
2017,2013
2020,2011
2019,2013
2017,2017
2018,2008
2020,2017
2019,2018
2020,2011
2019,2017
2016,2015
2018,2017
2017,2016
2018,2005
2017,2015
2017,2016
2017,2015
2017,2013
2018,2017
2019,2014
2017,2015
2018,2018
2017,2016
2019,2009
2017,2014
2019,2018
2019,2018
2020,1995
2018,2009
2017,2016
2019,2018
2020,2009
2020,2018
2016,2015
2016,2008
2019,2011
2018,2015
2017,2010
2019,2007
2019,2010
2018,2013
2018,2017
2019,2019
2018,2010
2018,2017
2019,2006
2018,2017
2017,2016
2016,1992
2019,2010
2020,2016
2018,2018
2016,2014
2019,2018
2019,2019
2017,2017
2019,2016
2017,2013
2018,2017
2018,2018
2020,2015
2019,2006
2016,2015
2018,2015
2018,2017
2019,2019
2019,1974
2019,2008
2016,2014
2020,2003
2020,2002
2019,2008
2017,2016
2019,1982
2018,1993
2018,2017
2016,2012
2018,2009
2020,1998
2019,1999
2019,2003
2019,2003
2019,2018
2017,2017
2017,1944
2019,2009
2016,2015
2016,2016
2019,2016
2015,2015
2018,2018
2017,2017
2020,2011
2017,2015
2018,2017
2020,1991
2021,1988
2020,1984
2017,1944
2021,2021
2019,2018
2018,2017
2016,2016
2019,2018
2019,2014
2019,2008
2020,2010
2018,2001
2019,2016
2020,1997
2019,1993
2018,2018
2020,2012
2019,2004
2015,2013
2019,2006
2014,2014
2018,2017
2020,2012
2017,2012
2018,2015
2019,2012
2021,2004
2018,2017
2017,2004
2019,2014
2020,2004
2019,2009
2017,2017
2019,2019
2019,2006
2019,2018
2016,2009
2018,2008
2019,1997
2019,2016
2017,2010
2017,2006
2017,2015
2019,2016
2018,2017
2018,2016
2019,2015
2019,2015
2017,2016
2018,2016
2019,2011
2020,2002
2017,2014
2017,2016
2018,1994
2018,2017
2019,2016
2020,2011
2018,2014
2019,2011
2017,2015
2017,2014
2019,2012
2019,2001
2018,2015
2018,2016
2019,2019
2017,2014
2018,2015
2018,2014
2020,2017
2020,1955
2018,2014
2017,2015
2018,2013
2020,2010
2019,2016
2018,2013
2019,1978
2020,2010
2019,2019
2017,2015
2019,2017
2019,2017
2017,2015
2019,2017
2016,1989
2018,2018
2019,2009
2020,1999
2019,1974
2019,2013
2018,2016
2018,2017
2019,2002
2019,2009
2018,2016
2019,2017
2018,1996
2017,2016
2019,2015
2017,2016
2019,2002
2017,1963
2019,2009
2018,2011
2018,2017
2019,2009
2017,2016
2019,2013
2020,2015
2018,2017
2019,2015
2017,2007
2019,2014
2018,2007
2017,1998
2019,2006
2019,2017
2018,2015
2019,2018
2016,2010
2017,2016
2017,2016
2018,2017
2019,1999
2019,2018
2019,2017
2016,2009
2017,2016
2018,1985
2017,2016
2018,2017
2019,1988
2016,2016
2019,2014
2017,2015
2017,2017
2015,2015
2017,2015
2018,2017
2018,2017
2020,2011
2016,2010
2016,2010
2017,2016
2019,2010
2018,2017
2017,1947
2018,2017
2017,2016
2018,2017
2018,2013
2017,2009
2018,2014
2015,2014
2019,2018
2017,2014
2017,2016
2019,1995
2017,2015
2019,2018
2017,2017
2019,2001
2019,1997
2019,2018
2018,2018
2018,2016
2020,2001
2016,2016
2017,2016
2019,2015
2019,2007
2018,2007
2017,2016
2019,1996
2018,2008
2018,2014
2019,2014
2017,2016
2018,2017
2016,2015
2020,1990
2020,1995
2020,2001
2020,2004
2020,2015
2018,2018
2019,2016
2019,1985
2018,1995
2017,2014
2020,2019
2018,2017
2018,2017
2018,2017
2020,1969
2018,2017
2020,2015
2019,2010
2018,2012
2017,1944
2019,2013
2018,2014
2017,2010
2017,1990
2019,2018
2020,2018
2017,2015
2019,2018
2017,2016
2015,2015
2019,2008
2017,2013
2019,2015
2018,2016
2019,2006
2017,2017
2017,2017
2018,2013
2017,2016
2017,1943
2019,2012
2019,2017
2019,2011
2020,2009
2018,2017
2019,2018
2019,2016
2018,2005
2016,1995
2019,2008
2017,2016
2019,2018
2017,2016
2017,2017
2017,2015
2019,2018
2017,2016
2017,2016
2018,2013
2018,2017
2017,2014
2017,2004
2019,2018
2019,2018
2017,2013
2017,2016
2018,2015
2020,2005
2018,2017
2019,2016
2017,2017
2019,2017
2019,2007
2019,2013
2019,2011
2019,2016
2019,2014
2017,2015
2016,2014
2018,2017
2018,2018
2020,2015
2019,2018
2016,2016
2019,2018
2018,2017
2017,2015
2019,1983
2014,2012
2018,2016
2018,2015
2017,2016
2017,2014
2018,2017
2019,1967
2019,2019
2018,2017
2017,2016
2017,2012
2020,2000
2019,2017
2018,2018
2018,2002
2018,2017
2016,2013
2016,2016
2020,2000
2018,2017
2017,2015
2019,2018
2017,2016
2017,2017
2019,1967
2017,2011
2019,2016
2017,2016
2017,1943
2017,2015
2017,2013
2020,1999
2020,2018
2017,2017
2020,1971
2018,2017
2018,2016
2016,1981
2017,2014
2019,2010
2018,2014
2019,2019
2018,2017
2019,2016
2019,2019
2019,2006
2019,2017
2019,2015
2019,2013
2017,2015
2017,2016
2017,1943
2020,1994
2017,2017
2019,2002
2019,2005
2017,2001
2018,2008
2018,2001
2017,2011
2017,2013
2018,2006
2019,2018
2018,2018
2015,2014
2018,2010
2018,2012
2018,2015
2016,2015
2016,2016
2016,2016
2018,2016
2018,2015
2018,2016
2017,2017
2017,2017
2016,2015
2019,2009
2019,2008
2019,2011
2016,1973
2019,2005
2018,2016
2018,2015
2017,2016
2018,2016
2019,2014
2018,2009
2016,2012
2016,2015
2019,2007
2019,2018
2019,2009
2020,2006
2019,2015
